# Sample direction input file for use with the CmdLineAe9Ap9 application. 
# Any lines starting with a '#' are considered comments, and therefore ignored. 
#
# The CmdLineAe9Ap9 application supports several methods of specifying direction data 
# to be used in the calculations for the Ae9, Ap9 or SPM flux models (no "Legacy").
# By default, the models compute omnidirectional flux.  Unidirectional flux will be
# computed instead if pitch angles (list or a file) or a direction file is specified.
# For file input, one or more pitch angles or direction vectors may be supplied for 
# each position in the corresponding orbit file. The number of directions must remain
# the same for all input lines in this file.
#
# Data lines in this file consist of one or more sets of three-valued direction vectors.
# The three values are the x,y,z components for the specified direction, using the same 
# coordinate system (MUST be Cartesian) as used for the orbit data file.
#
# The details of the direction specification are fully described in the
#  "AE9/AP9/SPM Radiation Environment Model User's Guide" document.
#
# ----------
# This particular direction file is intended to be used with OrbitSample.txt orbit file.
#
-0.984607,0.0121402,0.174361, -0.979125,-0.0736059,0.189466, -0.96619,-0.158792,0.203129
-0.983756,-0.0715964,0.164618, -0.970967,-0.156307,0.181084, -0.950789,-0.239828,0.196172
-0.976388,-0.151751,0.153748, -0.956711,-0.23475,0.172038, -0.929752,-0.315963,0.189018
-0.963144,-0.22819,0.14242, -0.937044,-0.308862,0.162949, -0.903813,-0.387183,0.182238
-0.944628,-0.300805,0.131125, -0.912618,-0.378588,0.154272, -0.873662,-0.453489,0.176245
-0.921394,-0.369544,0.120288, -0.884024,-0.443925,0.146394, -0.839926,-0.514928,0.171387
-0.89399,-0.434339,0.110145, -0.851855,-0.504854,0.13952, -0.803237,-0.571527,0.167834
-0.86293,-0.495154,0.100862, -0.816668,-0.561387,0.13378, -0.764191,-0.623348,0.165681
-0.828705,-0.551983,0.0925353, -0.778995,-0.613567,0.129236, -0.723356,-0.670482,0.164952
-0.791769,-0.604848,0.0852149, -0.73933,-0.661469,0.125896, -0.681266,-0.713055,0.165619
-0.752541,-0.6538,0.0789161, -0.698132,-0.705196,0.123735, -0.63841,-0.751225,0.167611
-0.711404,-0.698915,0.0736328, -0.655816,-0.744883,0.122699, -0.595236,-0.785182,0.17083
-0.668701,-0.740291,0.0693454, -0.612753,-0.780688,0.122717, -0.552142,-0.815144,0.175155
-0.624736,-0.77804,0.0660252, -0.569274,-0.812788,0.123706, -0.509479,-0.841351,0.180445
-0.579778,-0.812285,0.0636384, -0.525661,-0.841375,0.125571, -0.467543,-0.864062,0.186549
-0.534064,-0.843157,0.0621476, -0.482159,-0.866651,0.128212, -0.426584,-0.88355,0.1933
-0.487796,-0.870788,0.0615128, -0.438966,-0.888826,0.131519, -0.386796,-0.900099,0.200525
-0.441153,-0.895309,0.061692, -0.396244,-0.908109,0.135381, -0.348321,-0.913998,0.208039
-0.394285,-0.916851,0.0626412, -0.354113,-0.924713,0.13968, -0.311245,-0.925537,0.215655
-0.347324,-0.935537,0.0643142, -0.312651,-0.938843,0.144299, -0.2756,-0.935004,0.223185
-0.300377,-0.951488,0.0666623, -0.271903,-0.950701,0.14912, -0.241361,-0.942678,0.230442
-0.253537,-0.964816,0.0696342, -0.231874,-0.960474,0.154029, -0.208447,-0.948821,0.237251
-0.206878,-0.975626,0.0731755, -0.192535,-0.968336,0.158918, -0.176727,-0.953677,0.243451
-0.16046,-0.984016,0.0772284, -0.153825,-0.974446,0.163686, -0.14602,-0.957459,0.248899
-0.114327,-0.990075,0.0817313, -0.115657,-0.978937,0.168246, -0.116108,-0.960347,0.25348
-0.0685101,-0.993883,0.0866182, -0.0779207,-0.981919,0.172519, -0.0867383,-0.962483,0.257106
-0.0230271,-0.995509,0.0918188, -0.0404888,-0.983478,0.176441, -0.0576423,-0.963962,0.259721
0.0221177,-0.995013,0.0972576, -0.00322352,-0.983669,0.17996, -0.0285402,-0.964837,0.261293
0.0669335,-0.992442,0.102854, 0.0340192,-0.982518,0.183033, 0.000845986,-0.965116,0.26182
0.111442,-0.987828,0.10852, 0.071385,-0.980024,0.185624, 0.0307843,-0.964762,0.261316
0.15568,-0.981188,0.114163, 0.109018,-0.976157,0.187702, 0.0615263,-0.963697,0.259812
0.199693,-0.972522,0.119682, 0.147058,-0.970858,0.189233, 0.0933027,-0.961805,0.257343
0.243545,-0.961805,0.12497, 0.18564,-0.964038,0.190182, 0.126322,-0.958934,0.253947
0.287307,-0.948988,0.129909, 0.224895,-0.955578,0.190506, 0.160772,-0.954896,0.249652
0.331062,-0.933992,0.134376, 0.264947,-0.945328,0.190151, 0.196815,-0.94947,0.244479
0.374901,-0.916701,0.138235, 0.305914,-0.9331,0.189053, 0.234599,-0.942398,0.238432
0.418917,-0.896957,0.141341, 0.347906,-0.918664,0.187131, 0.274246,-0.93338,0.231497
0.463201,-0.874552,0.14354, 0.391018,-0.901743,0.184293, 0.315859,-0.922072,0.223643
0.507832,-0.849222,0.144665, 0.435328,-0.882006,0.180429, 0.359512,-0.908077,0.214819
0.552863,-0.82064,0.144541, 0.480882,-0.859059,0.175415, 0.40524,-0.89094,0.204955
0.598305,-0.788408,0.142981, 0.527675,-0.832441,0.169117, 0.453029,-0.870139,0.193967
0.644103,-0.752057,0.139794, 0.575637,-0.801621,0.161389, 0.502789,-0.845085,0.181755
0.690105,-0.711047,0.134787, 0.624593,-0.765999,0.152081, 0.554328,-0.815122,0.168218
0.736028,-0.664784,0.127772, 0.674238,-0.72492,0.141049, 0.607316,-0.779539,0.153252
0.781415,-0.612641,0.118581, 0.724086,-0.677697,0.128164, 0.661247,-0.737594,0.136772
0.825596,-0.554009,0.107076, 0.773438,-0.623658,0.113331, 0.715394,-0.688561,0.118724
0.867654,-0.488359,0.0931793, 0.821341,-0.562214,0.0965101, 0.768777,-0.631791,0.0991063
0.906411,-0.41534,0.076888, 0.866578,-0.49295,0.0777389, 0.82015,-0.566807,0.0779982
0.940452,-0.334888,0.0583059, 0.907689,-0.415733,0.0571607, 0.868017,-0.493413,0.0555806
0.968198,-0.247336,0.0376606, 0.94304,-0.330828,0.035043, 0.910706,-0.411802,0.0321587
0.988026,-0.153522,0.0153412, 0.970948,-0.239,0.011814, 0.94648,-0.322659,0.00819693
0.998466,-0.0547525,-0.00822878, 0.989867,-0.141482,-0.0120604, 0.973735,-0.227135,-0.0158003
0.998361,0.0471448,-0.0324499, 0.998552,-0.040024,-0.0359388, 0.991144,-0.126888,-0.0391542
0.987059,0.150007,-0.0566792, 0.996242,0.0632874,-0.0591343, 0.997843,-0.0239136,-0.0611394
0.964518,0.251524,-0.0802583, 0.982761,0.166217,-0.0809435, 0.993526,0.0796453,-0.0810127
0.931313,0.34948,-0.102563, 0.958528,0.266616,-0.100697, 0.978448,0.181723,-0.0980649
0.888551,0.441969,-0.123049, 0.924456,0.362634,-0.117807, 0.953325,0.28054,-0.111669
0.837693,0.527552,-0.141279, 0.88178,0.452872,-0.1318, 0.919156,0.374745,-0.121317
0.78035,0.605328,-0.156947, 0.831847,0.536441,-0.142342, 0.877013,0.463472,-0.126654
0.718084,0.674906,-0.169874, 0.775913,0.61293,-0.14925, 0.827837,0.546289,-0.12749
0.652256,0.736315,-0.180005, 0.714993,0.682298,-0.152493, 0.772288,0.623089,-0.123821
0.583939,0.789874,-0.18739, 0.649775,0.744734,-0.152195, 0.710666,0.693927,-0.115843
0.513887,0.836055,-0.192177, 0.580607,0.800499,-0.148649, 0.642909,0.758851,-0.103989
0.442559,0.875368,-0.194609, 0.507548,0.849786,-0.142335, 0.568674,0.817736,-0.0889773
0.370176,0.908259,-0.195028, 0.430474,0.892608,-0.133956, 0.487495,0.870163,-0.0718637
0.296797,0.935054,-0.193871, 0.34924,0.928734,-0.124441, 0.399024,0.915345,-0.0540644
0.222422,0.955929,-0.191643, 0.263881,0.957687,-0.114906, 0.303331,0.952155,-0.0372931
0.147075,0.970928,-0.18886, 0.174797,0.978826,-0.106521, 0.201188,0.979274,-0.0233712
0.0708573,0.979999,-0.185958, 0.0828557,0.9915,-0.100317, 0.0942234,0.995454,-0.0139127
-0.00603618,0.983053,-0.183224, -0.0106462,0.995231,-0.0969624, -0.0151751,0.999835,-0.00996301
-0.0833538,0.979992,-0.180742, -0.10419,0.989855,-0.0966039, -0.124233,0.992184,-0.0117307
-0.160833,0.970727,-0.178385, -0.196324,0.975545,-0.0988375, -0.230321,0.972938,-0.0185379
-0.238249,0.955157,-0.175821, -0.285925,0.952722,-0.102803, -0.331425,0.943036,-0.0290019
-0.315443,0.933129,-0.17253, -0.372316,0.921878,-0.107341, -0.426355,0.903611,-0.041336
-0.392326,0.904386,-0.167829, -0.455241,0.883403,-0.111154, -0.514691,0.855696,-0.0536333
-0.468833,0.868504,-0.160924, -0.534727,0.837446,-0.112923, -0.596551,0.800014,-0.0640638
-0.544816,0.824851,-0.150987, -0.610874,0.783849,-0.111416, -0.672283,0.736882,-0.0709981
-0.619881,0.772595,-0.137271, -0.683622,0.722158,-0.105588, -0.74216,0.666225,-0.0731011
-0.693193,0.71082,-0.119243, -0.752505,0.651743,-0.0946943, -0.80609,0.587706,-0.0694252
-0.763312,0.638749,-0.0967198, -0.816468,0.572041,-0.0784144, -0.86341,0.50098,-0.0595123
-0.828168,0.556092,-0.0699933, -0.873819,0.482904,-0.0569555, -0.91282,0.40604,-0.0434842
-0.885247,0.463408,-0.0398932, -0.922405,0.384969,-0.0311069, -0.952543,0.3036,-0.0220839
-0.932012,0.362344,-0.00774498, -0.960023,0.279912,-0.00218793, -0.980728,0.195349,0.00338576
-0.966466,0.255592,0.0248076, -0.984972,0.170404,0.0281378, -0.995982,0.0839189,0.0312538
-0.987619,0.146504,0.0560834, -0.996519,0.059745,0.0581496, -0.997834,-0.0274688,0.0597733
-0.995666,0.0384997,0.0846548, -0.995071,-0.0487202,0.0863661, -0.986904,-0.135569,0.0874201
-0.991822,-0.0654954,0.109543, -0.982019,-0.152154,0.111746, -0.964743,-0.237654,0.113098
-0.977923,-0.163388,0.130273, -0.95934,-0.248554,0.133744, -0.933456,-0.331828,0.136197
-0.956004,-0.253977,0.146804, -0.929181,-0.336812,0.15225, -0.895287,-0.417082,0.156537
-0.927986,-0.336809,0.159381, -0.893556,-0.416561,0.167435, -0.852326,-0.493143,0.174215
-0.895468,-0.412002,0.168497, -0.854137,-0.488004,0.179726, -0.806306,-0.560292,0.189588
-0.859737,-0.479954,0.17463, -0.812276,-0.55162,0.189532, -0.758633,-0.619088,0.202993
-0.821751,-0.541238,0.178286, -0.768985,-0.60806,0.197293, -0.710367,-0.670254,0.214798
-0.782202,-0.596476,0.179937, -0.725004,-0.658022,0.203412, -0.662289,-0.71456,0.225338
-0.741575,-0.646272,0.179999, -0.680859,-0.702187,0.208242, -0.614961,-0.752758,0.234899
-0.700204,-0.691182,0.178835, -0.636919,-0.741187,0.212078, -0.568786,-0.785551,0.243706
-0.658316,-0.731696,0.17675, -0.593439,-0.775589,0.215157, -0.524046,-0.813578,0.251926
-0.616061,-0.76824,0.174, -0.550594,-0.805896,0.217665, -0.480936,-0.837419,0.259673
-0.573541,-0.801174,0.170793, -0.508499,-0.832553,0.219736, -0.439587,-0.857596,0.267008
-0.530824,-0.830805,0.1673, -0.467228,-0.85595,0.221466, -0.400077,-0.874581,0.273947
-0.487953,-0.85739,0.163659, -0.426822,-0.876432,0.222912, -0.362442,-0.888804,0.280468
-0.444961,-0.881145,0.159979, -0.38729,-0.894307,0.2241, -0.326673,-0.900663,0.286515
-0.401865,-0.902252,0.156349, -0.348619,-0.909849,0.225034, -0.292719,-0.910521,0.292007
-0.35868,-0.920863,0.152838, -0.310765,-0.923301,0.2257, -0.260485,-0.918712,0.296844
-0.315412,-0.937104,0.149503, -0.273664,-0.93488,0.226071, -0.229833,-0.92554,0.300919
-0.272065,-0.951079,0.146389, -0.237222,-0.944773,0.226119, -0.200574,-0.931277,0.304128
-0.22864,-0.962871,0.143538, -0.201327,-0.953139,0.225817, -0.172481,-0.936153,0.306378
-0.185136,-0.972548,0.140982, -0.165842,-0.960107,0.225146, -0.145287,-0.940359,0.307597
-0.141552,-0.980158,0.138756, -0.13062,-0.965772,0.224103, -0.118695,-0.944036,0.307745
-0.0978861,-0.985738,0.136891, -0.0955036,-0.970198,0.222701, -0.0923941,-0.947273,0.306816
-0.0541401,-0.989308,0.135421, -0.0603337,-0.973411,0.220975, -0.066068,-0.950107,0.304848
-0.0103175,-0.990876,0.134383, -0.0249598,-0.97541,0.218982, -0.0394122,-0.95252,0.301914
0.0335737,-0.990437,0.133815, 0.0107543,-0.976158,0.216797, -0.0121469,-0.954449,0.298128
0.0775194,-0.987977,0.13376, 0.0469242,-0.975593,0.214514, 0.0159719,-0.955784,0.293635
0.121499,-0.983469,0.134264, 0.0836394,-0.973631,0.212241, 0.0451438,-0.956384,0.288604
0.165482,-0.976877,0.135374, 0.120961,-0.970169,0.210097, 0.0755189,-0.956077,0.283221
0.20943,-0.968159,0.137141, 0.158918,-0.965089,0.208203, 0.107197,-0.954674,0.27768
0.253294,-0.957262,0.139613, 0.197512,-0.958265,0.20668, 0.140227,-0.951976,0.272174
0.297016,-0.944129,0.142835, 0.236717,-0.949566,0.205644, 0.174616,-0.947776,0.266888
0.340528,-0.928697,0.146843, 0.27648,-0.938857,0.205197, 0.210328,-0.941872,0.26199
0.383752,-0.910897,0.151661, 0.316731,-0.926003,0.205425, 0.247298,-0.934063,0.257624
0.42661,-0.890653,0.157296, 0.357384,-0.910869,0.206385, 0.285439,-0.924152,0.253903
0.469017,-0.867881,0.163724, 0.398348,-0.893314,0.208106, 0.324648,-0.911949,0.250903
0.510894,-0.842486,0.170892, 0.43953,-0.873196,0.210575, 0.364821,-0.897261,0.248654
0.552169,-0.814356,0.178703, 0.480843,-0.850357,0.213734, 0.405858,-0.879887,0.247138
0.592781,-0.78335,0.18701, 0.522215,-0.824619,0.217472, 0.447675,-0.859613,0.246278
0.632687,-0.749295,0.19561, 0.563591,-0.79577,0.221617, 0.490206,-0.836189,0.245938
0.671857,-0.711966,0.204237, 0.604933,-0.76355,0.225937, 0.533405,-0.809323,0.245917
0.710269,-0.671072,0.212559, 0.646215,-0.727631,0.230131, 0.577242,-0.778652,0.245952
0.747895,-0.62624,0.220176, 0.687406,-0.6876,0.233836, 0.621685,-0.743728,0.245716
0.784674,-0.577001,0.22662, 0.728444,-0.642946,0.236621, 0.66667,-0.703998,0.244822
0.82047,-0.522781,0.231362, 0.76919,-0.593045,0.238002, 0.712056,-0.658794,0.242829
0.855011,-0.46291,0.233819, 0.809366,-0.537167,0.237441, 0.757562,-0.607335,0.239256
0.887811,-0.396651,0.233367, 0.848474,-0.474512,0.234371, 0.80268,-0.548761,0.233592
0.918084,-0.32328,0.229373, 0.885706,-0.404279,0.228219, 0.846587,-0.482202,0.225328
0.944665,-0.242204,0.221235, 0.919858,-0.325795,0.218447, 0.88805,-0.406906,0.213996
0.965956,-0.153176,0.208487, 0.949278,-0.23872,0.204655, 0.925376,-0.322447,0.199266
0.979985,-0.0565204,0.190877, 0.971919,-0.143283,0.186662, 0.956456,-0.228955,0.181028
0.984594,0.0466054,0.168531, 0.985516,-0.0405427,0.164663, 0.978938,-0.127382,0.159542
0.977791,0.154084,0.142065, 0.987943,0.0674811,0.139335, 0.990577,-0.0196355,0.135546
0.958217,0.262943,0.112614, 0.977669,0.177903,0.111867, 0.98968,0.0915102,0.110269
0.92553,0.369752,0.0817178, 0.954144,0.287367,0.0838366, 0.975497,0.202795,0.0853173
0.880533,0.471226,0.0510535, 0.917932,0.392631,0.0569417, 0.948344,0.311047,0.0623965
0.824947,0.564778,0.0221079, 0.87048,0.491118,0.0326693, 0.909389,0.41372,0.0429822
0.760941,0.648808,-0.00408818, 0.81367,0.581202,0.0120274, 0.860207,0.509173,0.0280515
0.690664,0.722669,-0.0270658, 0.749344,0.662165,-0.0045629, 0.802322,0.596621,0.0179747
0.615939,0.786399,-0.046853, 0.679012,0.733926,-0.0172052, 0.736917,0.675867,0.0125735
0.538181,0.840411,-0.0637959, 0.603761,0.79673,-0.0263559, 0.664746,0.746984,0.0112846
0.458449,0.88526,-0.0783532, 0.524322,0.850895,-0.0326326, 0.586204,0.810054,0.0133364
0.377539,0.921517,-0.09094, 0.441172,0.896673,-0.0366785, 0.501446,0.865004,0.0178621
0.296057,0.949724,-0.10186, 0.354646,0.934182,-0.0391189, 0.410536,0.911531,0.0239195
0.214444,0.970373,-0.111315, 0.265037,0.963384,-0.040589, 0.313613,0.949063,0.0304455
0.133008,0.98389,-0.119454, 0.172713,0.984086,-0.0417749, 0.211104,0.976792,0.0362221
0.0519489,0.990617,-0.126412, 0.0782449,0.995989,-0.0434045, 0.103945,0.993781,0.0399334
-0.0285944,0.990794,-0.132324, -0.0174932,0.998781,-0.0461635, -0.00625894,0.999166,0.0403481
-0.108506,0.984564,-0.137332, -0.113316,0.992271,-0.0505678, -0.117264,0.992427,0.0365814
-0.187646,0.971975,-0.14161, -0.207845,0.976508,-0.0568633, -0.226462,0.973608,0.0283164
-0.265806,0.953001,-0.145384, -0.299709,0.951813,-0.0650114, -0.331332,0.943381,0.0158559
-0.34267,0.927576,-0.148927, -0.387743,0.918731,-0.0747596, -0.429865,0.902893,-2.32823e-05
-0.417805,0.895646,-0.152504, -0.471077,0.877916,-0.0857331, -0.520763,0.853505,-0.0183097
-0.490696,0.857203,-0.156272, -0.549139,0.830026,-0.0974809, -0.603404,0.796533,-0.0379478
-0.560814,0.812297,-0.160194, -0.621599,0.775648,-0.109473, -0.677654,0.733096,-0.0579194
-0.627665,0.761011,-0.164009, -0.68829,0.715258,-0.121093, -0.743676,0.664061,-0.077254
-0.690803,0.703427,-0.167275, -0.749131,0.649207,-0.131655, -0.801756,0.590047,-0.0950333
-0.749792,0.639608,-0.169451, -0.804042,0.577741,-0.140468, -0.852173,0.511477,-0.110416
-0.804139,0.569619,-0.169985, -0.852866,0.501043,-0.146887, -0.895103,0.428653,-0.122671
-0.853242,0.493584,-0.168384, -0.895304,0.419309,-0.150369, -0.930553,0.341842,-0.131209
-0.896367,0.411761,-0.164252, -0.930898,0.332837,-0.150497, -0.958343,0.251379,-0.135597
-0.932667,0.324628,-0.157316, -0.959047,0.242116,-0.146999, -0.978128,0.157761,-0.135564
-0.961245,0.232955,-0.147443, -0.979077,0.147905,-0.139759, -0.989457,0.0617289,-0.13101
-0.981258,0.137841,-0.13466, -0.990341,0.0512729,-0.128827, -0.991887,-0.0356857,-0.122014
-0.99204,0.0407047,-0.119161, -0.992347,-0.0464053,-0.114432, -0.985101,-0.133162,-0.108833
-0.993234,-0.0567883,-0.101301, -0.984886,-0.143519,-0.0969682, -0.969042,-0.229157,-0.091897
-0.984876,-0.152856,-0.0815741, -0.968125,-0.238348,-0.0769679, -0.944006,-0.322025,-0.0717758
-0.967435,-0.245767,-0.06056, -0.942644,-0.329227,-0.0550546, -0.910679,-0.410183,-0.0491302
-0.941771,-0.333999,-0.0388714, -0.909396,-0.414707,-0.0318844, -0.8701,-0.492258,-0.0246548
-0.909034,-0.416371,-0.0170905, -0.869611,-0.493671,-0.00808266, -0.82357,-0.567214,0.000986653
-0.870532,-0.492094,0.00427546, -0.824665,-0.565401,0.0157998, -0.772521,-0.634406,0.0272039
-0.827595,-0.560777,0.0248247, -0.775946,-0.629573,0.039318, -0.718392,-0.693578,0.0535121
-0.781469,-0.622372,0.0442698, -0.724751,-0.686202,0.0621414, -0.662518,-0.744811,0.0795401
-0.733242,-0.677095,0.0624297, -0.672216,-0.735569,0.0840458, -0.606074,-0.788444,0.105022
-0.683814,-0.725344,0.0792121, -0.619282,-0.778131,0.104895, -0.550035,-0.824996,0.12978
-0.633891,-0.767616,0.0945933, -0.566693,-0.81445,0.124621, -0.495183,-0.855085,0.1537
-0.584,-0.804457,0.108598, -0.515017,-0.845134,0.1432, -0.442114,-0.879379,0.176712
-0.534515,-0.836412,0.121281, -0.464662,-0.870795,0.160638, -0.391273,-0.898552,0.198772
-0.485685,-0.864,0.132717, -0.415911,-0.892023,0.176954, -0.342972,-0.913257,0.219844
-0.437658,-0.887699,0.14299, -0.368941,-0.909369,0.192172, -0.297416,-0.924119,0.239893
-0.390508,-0.907934,0.152185, -0.323849,-0.92334,0.206312, -0.254725,-0.93172,0.258869
-0.34425,-0.925077,0.160386, -0.280665,-0.934397,0.219383, -0.214943,-0.936606,0.27671
-0.298858,-0.939451,0.167675, -0.239365,-0.942956,0.231384, -0.178051,-0.939284,0.293333
-0.254278,-0.951327,0.174126, -0.199882,-0.949388,0.242302, -0.143965,-0.940223,0.308634
-0.210433,-0.96093,0.17981, -0.162105,-0.954024,0.25211, -0.112543,-0.939858,0.322492
-0.167235,-0.968445,0.18479, -0.125885,-0.957158,0.260773, -0.0835767,-0.938586,0.334771
-0.124586,-0.974018,0.189125, -0.0910361,-0.959039,0.268249, -0.0567931,-0.936761,0.345331
-0.0823867,-0.97776,0.192867, -0.0573375,-0.959877,0.274496, -0.0318519,-0.934689,0.354036
-0.0405331,-0.979753,0.196064, -0.0245347,-0.959838,0.279479, -0.00834948,-0.932619,0.360767
0.00107614,-0.980047,0.198761, 0.00765376,-0.959037,0.283176, 0.0141731,-0.930729,0.365436
0.0425402,-0.978668,0.200997, 0.0395281,-0.957538,0.285584, 0.0362152,-0.929121,0.367999
0.0839542,-0.975613,0.20281, 0.0713967,-0.955348,0.286728, 0.0582959,-0.927812,0.368464
0.125407,-0.970856,0.204234, 0.103563,-0.952419,0.286657, 0.0809303,-0.926734,0.366898
0.166983,-0.964348,0.205304, 0.136312,-0.94865,0.285451, 0.104604,-0.925732,0.363425
0.208753,-0.956015,0.206053, 0.169898,-0.943888,0.283214, 0.12975,-0.924578,0.358219
0.250781,-0.94576,0.206513, 0.204534,-0.937937,0.28007, 0.156731,-0.922977,0.351496
0.293114,-0.933461,0.206722, 0.240385,-0.930564,0.276162, 0.185827,-0.920585,0.343499
0.335785,-0.918975,0.206718, 0.277564,-0.921505,0.271637, 0.217231,-0.917021,0.334489
0.378803,-0.902135,0.206546, 0.316128,-0.910472,0.266654, 0.251047,-0.91188,0.324732
0.42215,-0.88275,0.206257, 0.356077,-0.89716,0.261368, 0.287294,-0.904742,0.314491
0.465778,-0.860611,0.205913, 0.397355,-0.881251,0.255942, 0.325908,-0.895184,0.304023
0.509595,-0.835492,0.205588, 0.439846,-0.862419,0.250537, 0.366748,-0.882784,0.293579
0.553468,-0.807154,0.205369, 0.483373,-0.840339,0.245319, 0.409599,-0.867128,0.283403
0.597203,-0.775355,0.205363, 0.527694,-0.814688,0.240463, 0.454169,-0.847821,0.273733
0.640548,-0.739857,0.205694, 0.572499,-0.785161,0.236149, 0.500093,-0.82449,0.264807
0.683183,-0.700441,0.206504, 0.617407,-0.751479,0.232568, 0.546933,-0.796797,0.256863
0.72472,-0.656916,0.207947, 0.661968,-0.713398,0.229916, 0.594178,-0.76445,0.250135
0.764707,-0.609136,0.210184, 0.705666,-0.670728,0.228384, 0.641255,-0.727215,0.244847
0.802636,-0.557004,0.213359, 0.747933,-0.623334,0.228146, 0.687539,-0.68492,0.241196
0.83796,-0.500481,0.217582, 0.788165,-0.571143,0.229328, 0.732372,-0.637458,0.23933
0.870115,-0.43957,0.222885, 0.825745,-0.51413,0.231983, 0.77509,-0.584776,0.239315
0.898536,-0.374305,0.22919, 0.860062,-0.452301,0.236044, 0.815042,-0.526855,0.241101
0.922672,-0.304721,0.236266, 0.890528,-0.385666,0.241294, 0.851606,-0.463675,0.244485
0.941991,-0.230813,0.243675, 0.916582,-0.314191,0.247307, 0.884198,-0.395177,0.249057
0.95595,-0.152542,0.250781, 0.937659,-0.2378,0.25347, 0.912232,-0.321248,0.254229
0.963953,-0.0698392,0.256742, 0.953142,-0.156377,0.25897, 0.935078,-0.241724,0.259228
0.965304,0.0173303,0.260551, 0.962308,-0.0698268,0.262846, 0.951987,-0.156452,0.26314
0.959153,0.108842,0.261112, 0.964261,0.0218024,0.264057, 0.96203,-0.0654028,0.264993
0.944488,0.204235,0.257352, 0.957918,0.118141,0.261603, 0.964057,0.0311479,0.263862
0.920213,0.302514,0.24838, 0.942068,0.218292,0.25467, 0.956753,0.132408,0.259022
0.885327,0.401991,0.233665, 0.915542,0.320665,0.242809, 0.93879,0.236898,0.250105
0.839207,0.50027,0.213217, 0.877492,0.422948,0.226102, 0.9091,0.342406,0.237267
0.781917,0.59445,0.187711, 0.82769,0.522292,0.205279, 0.867165,0.44616,0.221284
0.714399,0.681551,0.158497, 0.766727,0.615721,0.181708, 0.813219,0.545204,0.203536
0.638435,0.759051,0.12745, 0.695977,0.700637,0.157238, 0.748222,0.636891,0.18583
0.556326,0.82532,0.0966847, 0.617307,0.775245,0.133892, 0.673589,0.71927,0.170081
0.470425,0.879801,0.0681941, 0.532635,0.838702,0.113485, 0.590792,0.791219,0.157913
0.382687,0.922852,0.0435197, 0.443543,0.890958,0.0972779, 0.501023,0.852283,0.150296
0.294417,0.955387,0.023529, 0.351086,0.932409,0.0857477, 0.405084,0.902334,0.147314
0.206265,0.978461,0.00834298, 0.255874,0.963515,0.0785294, 0.303537,0.941237,0.148118
0.118427,0.992959,-0.00258198, 0.158329,0.984569,0.0745418, 0.197025,0.968685,0.151098
0.0309188,0.999469,-0.0102481, 0.0589745,0.99564,0.0722675, 0.0865813,0.984234,0.154233
-0.0561929,0.998294,-0.015847, -0.0413653,0.996681,0.0701074, -0.0262229,0.987483,0.155528
-0.142665,0.989558,-0.0205102, -0.141543,0.987682,0.0667011, -0.139344,0.978289,0.153405
-0.228062,0.973322,-0.0251517, -0.240194,0.968799,0.0611209, -0.250498,0.956903,0.146928
-0.3118,0.949661,-0.0304212, -0.335906,0.940408,0.0529091, -0.357455,0.923999,0.135837
-0.393202,0.918718,-0.0367315, -0.427369,0.903101,0.0420041, -0.458284,0.88061,0.12042
-0.471555,0.880723,-0.0443007, -0.513485,0.857621,0.0286292, -0.551507,0.827992,0.101341
-0.546156,0.835994,-0.0531736, -0.593402,0.804798,0.0131988, -0.636131,0.767478,0.0794708
-0.616359,0.784923,-0.0632323, -0.666521,0.745477,-0.00374788, -0.711611,0.700357,0.055765
-0.681599,0.727952,-0.0742197, -0.732461,0.680466,-0.0216013, -0.777749,0.627801,0.0311815
-0.741399,0.665558,-0.0857875, -0.791005,0.610518,-0.0397391, -0.83459,0.550831,0.00661162
-0.795357,0.598239,-0.0975552, -0.842044,0.536326,-0.0575831, -0.882322,0.470332,-0.0171726
-0.843124,0.526522,-0.109159, -0.88553,0.458547,-0.0746378, -0.921197,0.387082,-0.0395484
-0.884395,0.450976,-0.120277, -0.921444,0.377822,-0.0905048, -0.951481,0.301792,-0.0600438
-0.918907,0.372218,-0.130632, -0.949787,0.2948,-0.104873, -0.973438,0.215138,-0.0783167
-0.946454,0.290911,-0.139986, -0.970583,0.210146,-0.117503, -0.987326,0.127783,-0.0941252
-0.966898,0.207763,-0.148134, -0.983896,0.124549,-0.128205, -0.993406,0.0403877,-0.107301
-0.980178,0.123516,-0.154905, -0.989836,0.0387162,-0.136841, -0.991961,-0.0463782,-0.117735
-0.986322,0.0389359,-0.160166, -0.988578,-0.0466298,-0.143313, -0.983311,-0.131841,-0.12537
-0.985452,-0.0452007,-0.163831, -0.980369,-0.130761,-0.147577, -0.967824,-0.215326,-0.1302
-0.97779,-0.128124,-0.165862, -0.965535,-0.21296,-0.149637, -0.94593,-0.296175,-0.132273
-0.963656,-0.20909,-0.166277, -0.944487,-0.292537,-0.149551, -0.91813,-0.373758,-0.131687
-0.943464,-0.28742,-0.165121, -0.917718,-0.368869,-0.147408, -0.884987,-0.447511,-0.128574
-0.917709,-0.362497,-0.162498, -0.885788,-0.441396,-0.143353, -0.847125,-0.516936,-0.123116
-0.886948,-0.433808,-0.158534, -0.84931,-0.50966,-0.137549, -0.805207,-0.581634,-0.115517
-0.851779,-0.50095,-0.153367, -0.808929,-0.573314,-0.130175, -0.759922,-0.641315,-0.105993
-0.812815,-0.563631,-0.147147, -0.765298,-0.632121,-0.121418, -0.711957,-0.6958,-0.0947661
-0.77066,-0.621674,-0.140019, -0.719056,-0.685955,-0.111462, -0.66198,-0.745016,-0.0820565
-0.725894,-0.674998,-0.132124, -0.67081,-0.73479,-0.100482, -0.610622,-0.788991,-0.0680745
-0.679053,-0.723611,-0.123592, -0.621122,-0.778685,-0.0886424, -0.558464,-0.827833,-0.0530184
-0.630622,-0.767592,-0.114536, -0.570496,-0.817768,-0.0760936, -0.506028,-0.86172,-0.0370719
-0.581031,-0.807072,-0.105058, -0.519379,-0.852221,-0.0629701, -0.453775,-0.890883,-0.0204035
-0.530648,-0.842224,-0.0952403, -0.468156,-0.882264,-0.0493915, -0.402101,-0.91559,-0.0031669
-0.479788,-0.873242,-0.0851538, -0.417152,-0.908145,-0.0354632, -0.351341,-0.936135,0.0144973
-0.428711,-0.900336,-0.0748539, -0.366637,-0.930121,-0.0212782, -0.301774,-0.952827,0.0324595
-0.377628,-0.923716,-0.0643841, -0.316831,-0.948457,-0.00691898, -0.253623,-0.965979,0.0505988
-0.326711,-0.943593,-0.0537777, -0.267907,-0.963415,0.00753995, -0.207065,-0.975905,0.0688003
-0.276092,-0.960166,-0.0430592, -0.219999,-0.975251,0.0220302, -0.162232,-0.982914,0.0869519
-0.225875,-0.973622,-0.0322462, -0.173204,-0.98421,0.036487, -0.119215,-0.987307,0.104943
-0.176137,-0.984134,-0.0213511, -0.127586,-0.990523,0.0508477, -0.0780654,-0.989374,0.12266
-0.126932,-0.991857,-0.0103824, -0.0831823,-0.994409,0.0650501, -0.0387996,-0.989393,0.139988
-0.0782992,-0.99693,0.000653573, -0.0399996,-0.996069,0.0790309, -0.00139563,-0.987628,0.156807
-0.0302626,-0.999473,0.0117519, 0.00197914,-0.99569,0.0927257, 0.0342058,-0.984329,0.172994
0.0171652,-0.99959,0.0229076, 0.0427969,-0.993437,0.106069, 0.0681028,-0.979724,0.188423
0.0639807,-0.997368,0.0341148, 0.0825212,-0.98946,0.118993, 0.100434,-0.974022,0.202966
0.110188,-0.992875,0.045366, 0.121244,-0.983883,0.131433, 0.131378,-0.967403,0.216499
0.155795,-0.986164,0.0566508, 0.15908,-0.976807,0.143324, 0.161155,-0.960016,0.228907
0.200818,-0.977269,0.0679557, 0.196168,-0.968305,0.154608, 0.190025,-0.951972,0.240084
0.245274,-0.966208,0.079263, 0.232662,-0.958419,0.165233, 0.21828,-0.943335,0.249946
0.289184,-0.952981,0.0905504, 0.268735,-0.947154,0.175158, 0.246241,-0.934119,0.258433
0.332571,-0.937569,0.10179, 0.304566,-0.93448,0.184354, 0.274244,-0.924279,0.265515
0.375459,-0.919931,0.112949, 0.340339,-0.920324,0.192805, 0.302629,-0.913712,0.271194
0.417871,-0.900006,0.123986, 0.376231,-0.904569,0.20051, 0.331728,-0.902249,0.275507
0.45983,-0.877707,0.134855, 0.412406,-0.887059,0.207478, 0.361843,-0.88966,0.278522
0.501351,-0.852922,0.145503, 0.449005,-0.86759,0.213733, 0.393241,-0.875656,0.280336
0.542443,-0.825506,0.155869, 0.486137,-0.845918,0.219301, 0.426131,-0.859893,0.281064
0.583098,-0.795285,0.165886, 0.523874,-0.821757,0.224215, 0.460662,-0.841974,0.280838
0.623289,-0.762048,0.17548, 0.562237,-0.794779,0.228507, 0.496906,-0.821462,0.279795
0.662958,-0.725548,0.184573, 0.601193,-0.764623,0.232206, 0.534852,-0.797878,0.278071
0.702001,-0.685502,0.193084, 0.640638,-0.730891,0.235334, 0.574399,-0.770717,0.275793
0.740258,-0.641597,0.200929, 0.680389,-0.693159,0.237911, 0.615342,-0.739447,0.273081
0.777491,-0.593492,0.208026, 0.720167,-0.650988,0.239946, 0.657363,-0.703529,0.27004
0.813368,-0.540842,0.214295, 0.759584,-0.603933,0.241449, 0.700018,-0.662428,0.266766
0.847443,-0.483311,0.219663, 0.798121,-0.551573,0.242426, 0.742725,-0.615638,0.263344
0.879138,-0.420608,0.224068, 0.83512,-0.493539,0.242885, 0.784747,-0.562714,0.259854
0.907736,-0.352529,0.227461, 0.869776,-0.429554,0.242843, 0.825196,-0.503311,0.256378
0.932387,-0.279001,0.22981, 0.901138,-0.359483,0.242325, 0.863031,-0.43723,0.252996
0.952122,-0.200137,0.231102, 0.928135,-0.283382,0.241372, 0.897083,-0.364471,0.249805
0.965889,-0.1163,0.23137, 0.949601,-0.201562,0.240066, 0.926085,-0.285291,0.246934
0.972624,-0.0281288,0.230678, 0.964351,-0.11462,0.238515, 0.948739,-0.200239,0.244537
0.971328,0.0634443,0.229123, 0.971261,-0.0234509,0.236858, 0.963803,-0.110168,0.242789
0.961164,0.157223,0.226815, 0.969357,0.0707791,0.235238, 0.970173,-0.0162033,0.241871
0.941532,0.251817,0.223842, 0.957893,0.166703,0.233775, 0.966964,0.0803214,0.241929
0.912121,0.345741,0.220223, 0.936401,0.262854,0.232508, 0.953555,0.177967,0.243024
0.872916,0.437519,0.215859, 0.904699,0.357766,0.231351, 0.929596,0.275291,0.245083
0.824174,0.525758,0.210514, 0.862859,0.450049,0.230065, 0.894978,0.370915,0.247865
0.76639,0.609179,0.203832, 0.811172,0.538414,0.228276, 0.849781,0.463552,0.250982
0.700269,0.686612,0.195416, 0.750111,0.621662,0.225546, 0.794244,0.55198,0.253959
0.626715,0.756984,0.184942, 0.680317,0.698653,0.221478, 0.728742,0.635005,0.25633
0.546829,0.81933,0.172268, 0.602601,0.768306,0.215818, 0.653787,0.711435,0.257726
0.461871,0.872849,0.15751, 0.51792,0.829628,0.208509, 0.570028,0.780093,0.257922
0.373196,0.916969,0.141041, 0.427344,0.881761,0.199685, 0.478239,0.839843,0.256809
0.282153,0.951395,0.123439, 0.331998,0.924029,0.189599, 0.379316,0.88963,0.254317
0.189973,0.976116,0.105392, 0.233019,0.955942,0.17854, 0.274292,0.928493,0.25033
0.0976845,0.991352,0.0876278, 0.131539,0.977182,0.166771, 0.164392,0.955575,0.244646
0.00606802,0.997468,0.0708554, 0.0286961,0.987572,0.154525, 0.0511057,0.97016,0.237019
-0.0843497,0.994876,0.0557439, -0.0743391,0.987064,0.142054, -0.0637627,0.971739,0.227282
-0.173264,0.983941,0.0428849, -0.176369,0.975744,0.129682, -0.178132,0.960121,0.215493
-0.260519,0.964914,0.0327243, -0.276212,0.953847,0.117823, -0.289803,0.935521,0.202026
-0.345991,0.937892,0.0254642, -0.372763,0.921747,0.106908, -0.396699,0.898587,0.187539
-0.42944,0.902852,0.0209699, -0.465031,0.879937,0.097251, -0.497082,0.850325,0.172792
-0.510386,0.859741,0.0187319, -0.552123,0.829009,0.0889041, -0.589658,0.791968,0.1584
-0.588044,0.80863,0.0179152, -0.633196,0.769679,0.0815921, -0.673528,0.72487,0.144648
-0.661373,0.749853,0.0174949, -0.707421,0.702828,0.074757, -0.748084,0.650455,0.13145
-0.729215,0.684087,0.0164381, -0.774015,0.629538,0.0677016, -0.812924,0.570197,0.11845
-0.790475,0.612337,0.0138771, -0.832318,0.551067,0.059765, -0.867827,0.485603,0.105198
-0.844275,0.535831,0.00922982, -0.881874,0.468776,0.0504672, -0.912762,0.398153,0.0913205
-0.890043,0.455871,0.00224547, -0.92248,0.384009,0.0395858, -0.947897,0.309225,0.0766248
-0.92752,0.373707,-0.00701695, -0.954179,0.298,0.0271628, -0.973577,0.220024,0.0611359
-0.956718,0.290445,-0.0182546, -0.97722,0.211804,0.0134604, -0.990284,0.13155,0.0450729
-0.977848,0.207007,-0.0310066, -0.991994,0.126281,-0.00111051, -0.99859,0.0445932,0.028794
-0.991255,0.124141,-0.0447385, -0.998984,0.0421122,-0.0160657, -0.999109,-0.0402372,0.0127293
-0.99736,0.0424501,-0.0589145, -0.998715,-0.0401624,-0.0309155, -0.992469,-0.122469,-0.0026812
-0.99662,-0.0375726,-0.0730485, -0.991731,-0.120107,-0.0452148, -0.979293,-0.201728,-0.0170371
-0.989512,-0.115509,-0.0867368, -0.978579,-0.197357,-0.0585964, -0.960198,-0.277704,-0.03001
-0.976518,-0.190996,-0.0996655, -0.959804,-0.271599,-0.0707799, -0.935786,-0.350135,-0.0413555
-0.958122,-0.263706,-0.111628, -0.93595,-0.342551,-0.081589, -0.906654,-0.41879,-0.050929
-0.934811,-0.33335,-0.122501, -0.907554,-0.409973,-0.0909324, -0.873389,-0.483476,-0.0586721
-0.907067,-0.399683,-0.132227, -0.875147,-0.473666,-0.098786, -0.836567,-0.544044,-0.0645933
-0.875365,-0.462505,-0.140803, -0.839249,-0.533478,-0.105179, -0.796745,-0.600391,-0.0687553
-0.840168,-0.521667,-0.148261, -0.800359,-0.58931,-0.11018, -0.754458,-0.652469,-0.0712601
-0.801919,-0.577067,-0.154659, -0.758952,-0.641111,-0.113881, -0.710209,-0.700275,-0.0722365
-0.761034,-0.628653,-0.16007, -0.715472,-0.688877,-0.116393, -0.664465,-0.743859,-0.0718295
-0.717901,-0.676413,-0.164573, -0.670328,-0.732651,-0.117831, -0.617653,-0.783312,-0.0701928
-0.67287,-0.720374,-0.168246, -0.623886,-0.772508,-0.118315, -0.570153,-0.818762,-0.0674827
-0.62626,-0.760591,-0.17117, -0.576473,-0.808557,-0.117961, -0.522299,-0.850368,-0.063854
-0.57835,-0.797144,-0.173415, -0.528375,-0.840928,-0.116881, -0.474378,-0.878311,-0.0594576
-0.529384,-0.830127,-0.175049, -0.479833,-0.869766,-0.115182, -0.426631,-0.902786,-0.0544387
-0.479573,-0.859644,-0.17613, -0.431053,-0.895228,-0.112963, -0.379252,-0.923998,-0.0489354
-0.429099,-0.885804,-0.17671, -0.382201,-0.917471,-0.110314, -0.332395,-0.942156,-0.0430786
-0.378111,-0.908715,-0.17683, -0.33341,-0.936654,-0.107319, -0.286171,-0.957464,-0.0369908
-0.326738,-0.928483,-0.176527, -0.28478,-0.952929,-0.104052, -0.240654,-0.970123,-0.0307864
-0.275085,-0.945205,-0.175828, -0.236385,-0.96644,-0.100582, -0.195886,-0.980319,-0.0245704
-0.22324,-0.958971,-0.174756, -0.188272,-0.977318,-0.0969659, -0.151873,-0.988228,-0.018438
-0.171274,-0.969858,-0.173323, -0.140469,-0.985684,-0.0932533, -0.108594,-0.994008,-0.0124739
-0.11925,-0.977934,-0.171538, -0.092981,-0.991639,-0.0894845, -0.0660044,-0.997796,-0.00675025
-0.0672186,-0.983252,-0.1694, -0.0458013,-0.995269,-0.0856892, -0.0240354,-0.99971,-0.00132618
-0.0152263,-0.985855,-0.166905, 0.00109017,-0.996641,-0.0818867, 0.0173984,-0.999842,0.00375441
0.0366842,-0.985772,-0.164038, 0.0477218,-0.995804,-0.0780842, 0.0583961,-0.998258,0.00846427
0.0884712,-0.983017,-0.160782, 0.0941264,-0.992786,-0.0742763, 0.0990652,-0.994999,0.0127944
0.140091,-0.977595,-0.157107, 0.140338,-0.987595,-0.0704439, 0.139516,-0.990078,0.0167556
0.191494,-0.969498,-0.15298, 0.186385,-0.98022,-0.0665536, 0.179858,-0.983481,0.0203795
0.242626,-0.958709,-0.148357, 0.232291,-0.970632,-0.0625569, 0.220189,-0.975169,0.0237191
0.293422,-0.945199,-0.143185, 0.278066,-0.958786,-0.0583899, 0.260595,-0.965075,0.0268497
0.343804,-0.928934,-0.137404, 0.323704,-0.944618,-0.0539733, 0.30114,-0.953112,0.0298677
0.393681,-0.909873,-0.130941, 0.369177,-0.928055,-0.0492127, 0.341862,-0.939174,0.0328903
0.442945,-0.887972,-0.123717, 0.414434,-0.909015,-0.0439994, 0.382769,-0.92314,0.0360532
0.491466,-0.863185,-0.115642, 0.459398,-0.887408,-0.0382121, 0.423832,-0.904879,0.0395086
0.539098,-0.835468,-0.106618, 0.503959,-0.863145,-0.0317187, 0.464985,-0.884253,0.0434215
0.585667,-0.804782,-0.0965394, 0.547979,-0.836137,-0.0243798, 0.506119,-0.861129,0.0479654
0.630981,-0.771094,-0.0852999, 0.591285,-0.806303,-0.0160526, 0.547089,-0.835375,0.0533169
0.674821,-0.734382,-0.0727922, 0.633675,-0.773571,-0.00659662, 0.587706,-0.806872,0.0596491
0.716947,-0.694633,-0.0589163, 0.674917,-0.737883,0.00411936, 0.627749,-0.775516,0.0671236
0.757099,-0.651845,-0.0435873, 0.714751,-0.699191,0.0162086, 0.666963,-0.741217,0.0758811
0.794996,-0.606025,-0.0267453, 0.752898,-0.657464,0.0297559, 0.70507,-0.7039,0.0860307
0.830344,-0.557188,-0.00836784, 0.789062,-0.612677,0.0448057, 0.741775,-0.663503,0.0976383
0.862838,-0.50535,0.0115167, 0.822938,-0.564809,0.0613489, 0.776775,-0.61997,0.110714
0.892163,-0.450521,0.0328134, 0.854215,-0.513835,0.0793095, 0.809767,-0.573239,0.125202
0.918001,-0.392696,0.0553468, 0.882584,-0.459713,0.0985323, 0.84045,-0.523231,0.140968
0.94003,-0.331853,0.0788477, 0.907736,-0.402378,0.118774, 0.868534,-0.469839,0.157796
0.957919,-0.267941,0.102945, 0.929359,-0.341727,0.139696, 0.893725,-0.412911,0.175384
0.971322,-0.200894,0.127183, 0.947119,-0.277632,0.16089, 0.915709,-0.352257,0.193372
0.979878,-0.130593,0.150944, 0.960672,-0.209902,0.181795, 0.934155,-0.287614,0.211262
0.98317,-0.0569569,0.173589, 0.969594,-0.138367,0.201849, 0.948638,-0.218725,0.228573
0.980718,0.0200622,0.194396, 0.973376,-0.06288,0.220421, 0.958626,-0.145344,0.244768
0.971964,0.100417,0.212608, 0.971403,0.016617,0.236854, 0.963449,-0.0673092,0.259298
0.956269,0.183899,0.227445, 0.962941,0.100021,0.250479, 0.962285,0.0153815,0.271607
0.932931,0.270064,0.238128, 0.947158,0.186986,0.260628, 0.954177,0.102485,0.281145
0.901238,0.358158,0.243913, 0.92317,0.276845,0.26667, 0.938077,0.193426,0.287397
0.86055,0.447038,0.244152, 0.890129,0.368528,0.268062, 0.912934,0.287212,0.289933
0.810433,0.535127,0.238406, 0.847346,0.460502,0.264467, 0.87781,0.382372,0.288514
0.750817,0.620417,0.22662, 0.79445,0.550782,0.255907, 0.832036,0.476955,0.283247
0.682165,0.700606,0.209292, 0.731546,0.637043,0.242933, 0.775361,0.568631,0.274726
0.605557,0.773381,0.18757, 0.659305,0.716888,0.226689, 0.708036,0.654939,0.264082
0.522619,0.836807,0.163165, 0.578897,0.788215,0.208797, 0.630768,0.733624,0.25284
0.435258,0.889655,0.138073, 0.491759,0.849513,0.191052, 0.544518,0.802905,0.242577
0.3453,0.931518,0.114203, 0.399305,0.899959,0.175015, 0.450271,0.86155,0.234494
0.254195,0.962666,0.0930506, 0.302712,0.939269,0.161675, 0.348924,0.908724,0.229069
0.162886,0.98375,0.0755192, 0.202918,0.967437,0.151295, 0.241406,0.943761,0.225918
0.0718635,0.995493,0.0618843, 0.100785,0.984512,0.143454, 0.12894,0.966038,0.223931
-0.0186593,0.998479,0.0518751, -0.00269909,0.99053,0.137272, 0.0132816,0.975042,0.221625
-0.10854,0.993081,0.0448284, -0.106316,0.98557,0.131715, -0.103282,0.970558,0.217599
-0.197548,0.979481,0.0398859, -0.208667,0.969852,0.125876, -0.218199,0.952842,0.210907
-0.285284,0.957759,0.036195, -0.308339,0.943783,0.119163, -0.329048,0.922624,0.201224
-0.371184,0.92797,0.0330742, -0.404055,0.907931,0.111359, -0.433851,0.880982,0.188797
-0.454576,0.890199,0.030108, -0.494763,0.862952,0.102587, -0.531185,0.829136,0.174284
-0.534735,0.844583,0.0271637, -0.579645,0.809519,0.0932262, -0.620143,0.768294,0.158579
-0.61093,0.79131,0.0243414, -0.658067,0.74828,0.0838158, -0.700195,0.699556,0.142652
-0.682428,0.730626,0.021882, -0.729512,0.67985,0.0749427, -0.771045,0.6239,0.127433
-0.748476,0.662859,0.020055, -0.793509,0.604844,0.067139, -0.832503,0.542226,0.113712
-0.808285,0.588483,0.0190502, -0.849575,0.523954,0.0607854, -0.884398,0.455438,0.102058
-0.861039,0.508188,0.0188943, -0.897212,0.438029,0.0560418, -0.926557,0.364538,0.0927629
-0.905946,0.422947,0.0194128, -0.935949,0.348151,0.052818, -0.958829,0.270705,0.0858212
-0.942344,0.334034,0.0202462, -0.965434,0.25565,0.0507968, -0.981177,0.17532,0.0809608
-0.969812,0.242957,0.020915, -0.98554,0.162051,0.0495049, -0.993768,0.0799109,0.077718
-0.988262,0.15133,0.0209109, -0.996445,0.068944,0.0484092, -0.997045,-0.0139669,0.0755391
-0.997959,0.0607076,0.0197877, -0.998648,-0.0221709,0.047014, -0.991737,-0.104881,0.0738825
-0.999472,-0.0275661,0.0172258, -0.992912,-0.110028,0.044932, -0.978797,-0.191652,0.0722963
-0.993572,-0.112449,0.0130618, -0.980169,-0.193678,0.0419204, -0.959307,-0.273433,0.07046
-0.981127,-0.193228,0.00728408, -0.961407,-0.272509,0.0378824, -0.934371,-0.349716,0.0681923
-0.963005,-0.269484,-3.85194e-06, -0.937584,-0.346204,0.0328353, -0.905028,-0.42029,0.0654246
-0.940004,-0.341055,-0.0085767, -0.909559,-0.414701,0.0269199, -0.872192,-0.485191,0.0622117
-0.912832,-0.407929,-0.0182003, -0.878081,-0.478081,0.0202916, -0.836647,-0.544595,0.058629
-0.882091,-0.47021,-0.0286056, -0.843774,-0.536537,0.0131454, -0.799036,-0.598781,0.0547964
-0.848285,-0.528063,-0.039527, -0.807153,-0.590314,0.0056791, -0.759879,-0.648073,0.050842
-0.811835,-0.58168,-0.0507187, -0.76864,-0.639679,-0.00192393, -0.719595,-0.69281,0.0468855
-0.773093,-0.631259,-0.0619651, -0.728578,-0.684896,-0.00950529, -0.678519,-0.733322,0.0430268
-0.732359,-0.676985,-0.0730852, -0.687257,-0.726217,-0.0169375, -0.636924,-0.769922,0.0393391
-0.689889,-0.719033,-0.0839346, -0.644914,-0.763874,-0.0241261, -0.59503,-0.802903,0.035866
-0.645905,-0.757559,-0.0944033, -0.601751,-0.798082,-0.0310087, -0.553017,-0.832531,0.0326219
-0.600601,-0.792702,-0.104413, -0.557936,-0.829034,-0.0375528, -0.511025,-0.859056,0.0295935
-0.554149,-0.824586,-0.113914, -0.513612,-0.856907,-0.0437514, -0.469165,-0.882705,0.0267438
-0.506699,-0.853321,-0.122877, -0.468891,-0.881861,-0.0496192, -0.427515,-0.903689,0.0240159
-0.458385,-0.879002,-0.131293, -0.423866,-0.904042,-0.0551873, -0.386122,-0.922201,0.0213385
-0.409322,-0.901714,-0.139168, -0.378603,-0.92358,-0.060499, -0.345003,-0.938417,0.0186307
-0.359611,-0.921527,-0.146518, -0.333149,-0.940589,-0.0656051, -0.30415,-0.952493,0.0158074
-0.309342,-0.938502,-0.153366, -0.287527,-0.95517,-0.0705598, -0.263525,-0.964568,0.0127838
-0.258589,-0.952688,-0.15974, -0.241747,-0.967404,-0.0754169, -0.223065,-0.974757,0.00948033
-0.207418,-0.964122,-0.165669, -0.195798,-0.977357,-0.0802268, -0.182688,-0.983154,0.00582628
-0.155886,-0.972829,-0.171184, -0.149659,-0.985074,-0.085034, -0.142293,-0.989823,0.00176345
-0.104045,-0.97882,-0.176313, -0.103299,-0.990582,-0.0898743, -0.101766,-0.994805,-0.00275132
-0.0519396,-0.982095,-0.181083, -0.0566788,-0.993884,-0.0947741, -0.0609866,-0.998109,-0.00774427
0.00038601,-0.982641,-0.185515, -0.00976003,-0.994965,-0.0997487, -0.0198318,-0.999716,-0.0132236
0.0528881,-0.980431,-0.189627, 0.0374953,-0.993786,-0.104802, 0.0218171,-0.999578,-0.0191789
0.10552,-0.975423,-0.193432, 0.0851187,-0.990288,-0.109925, 0.0640691,-0.997618,-0.0255817
0.158231,-0.967563,-0.196937, 0.133131,-0.984392,-0.1151, 0.107018,-0.993729,-0.032386
0.210961,-0.956785,-0.200143, 0.18154,-0.975998,-0.120294, 0.150737,-0.987783,-0.0395295
0.263639,-0.94301,-0.203045, 0.230333,-0.964989,-0.125467, 0.195275,-0.979625,-0.0469347
0.316179,-0.926147,-0.205629, 0.279478,-0.951233,-0.130567, 0.240651,-0.96908,-0.0545109
0.36848,-0.906096,-0.207877, 0.328916,-0.934583,-0.135532, 0.28685,-0.955957,-0.0621553
0.420417,-0.882751,-0.209763, 0.37856,-0.914883,-0.140292, 0.333822,-0.940052,-0.0697542
0.471842,-0.856001,-0.211251, 0.428289,-0.89197,-0.144768, 0.381476,-0.921151,-0.0771838
0.52258,-0.825735,-0.2123, 0.477949,-0.86568,-0.148872, 0.42968,-0.899036,-0.0843115
0.572426,-0.791846,-0.212857, 0.527348,-0.835851,-0.152507, 0.478256,-0.873493,-0.0909951
0.621138,-0.754239,-0.212863, 0.576252,-0.80233,-0.155565, 0.526979,-0.844315,-0.0970833
0.668445,-0.712835,-0.212245, 0.624387,-0.764983,-0.15793, 0.575577,-0.811309,-0.102414
0.714035,-0.667584,-0.210918, 0.671435,-0.723701,-0.159473, 0.623725,-0.774311,-0.106813
0.757564,-0.618471,-0.208784, 0.717037,-0.678412,-0.160047, 0.671054,-0.73319,-0.110092
0.798656,-0.565532,-0.205723, 0.760795,-0.62909,-0.15949, 0.717143,-0.68786,-0.112044
0.836911,-0.508861,-0.201596, 0.802274,-0.575771,-0.157619, 0.761532,-0.638299,-0.112442
0.871908,-0.448629,-0.196235, 0.841015,-0.518565,-0.15422, 0.803721,-0.584554,-0.111033
0.903228,-0.385087,-0.189438, 0.876542,-0.457665,-0.149053, 0.843185,-0.526759,-0.107534
0.930461,-0.318579,-0.18097, 0.908378,-0.393358,-0.141841, 0.879382,-0.465143,-0.101633
0.953227,-0.24954,-0.17055, 0.936061,-0.326029,-0.13227, 0.91177,-0.400037,-0.0929834
0.971196,-0.17849,-0.157858, 0.959159,-0.256156,-0.119993, 0.939822,-0.331872,-0.081216
0.984096,-0.106013,-0.142537, 0.977285,-0.184295,-0.104641, 0.963036,-0.261175,-0.065948
0.991717,-0.0327402,-0.124199, 0.9901,-0.111069,-0.0858248, 0.980947,-0.188553,-0.0467974
0.993897,0.0407295,-0.102514, 0.997309,-0.0370933,-0.063238, 0.99313,-0.114634,-0.0234811
0.990502,0.11381,-0.0771586, 0.998645,0.0370003,-0.0366056, 0.999187,-0.0400911,0.00422607
0.981377,0.186008,-0.0479573, 0.993843,0.110642,-0.0058251, 0.998746,0.0344338,0.0363514
0.96631,0.256945,-0.0149568, 0.982621,0.183351,0.0289585, 0.991453,0.108362,0.0726534
0.944998,0.32637,0.0214646, 0.964661,0.254765,0.0672556, 0.976982,0.181222,0.112535
0.917049,0.394159,0.0604977, 0.939627,0.32466,0.108151, 0.955054,0.252691,0.154981
0.882021,0.460292,0.100848, 0.907195,0.392957,0.150273, 0.925465,0.322631,0.198554
0.839499,0.524812,0.140764, 0.867103,0.459703,0.191847, 0.888109,0.391095,0.241469
0.789181,0.587753,0.178159, 0.81919,0.525019,0.230832, 0.842964,0.458289,0.281749
0.730942,0.649061,0.210817, 0.763402,0.589002,0.26513, 0.790052,0.524461,0.317426
0.664871,0.708488,0.236624, 0.699784,0.651595,0.292792, 0.729371,0.589742,0.346731
0.591289,0.765489,0.25378, 0.62847,0.71243,0.312201, 0.660867,0.653949,0.368246
0.510777,0.819136,0.261005, 0.549708,0.770704,0.322236, 0.584456,0.716406,0.381015
0.424232,0.868093,0.257763, 0.463942,0.825095,0.322453, 0.500122,0.775817,0.384689
0.332919,0.910704,0.244506, 0.371908,0.873809,0.313276, 0.408066,0.830265,0.379661
0.238453,0.945247,0.222819, 0.274696,0.914804,0.296101, 0.308849,0.877398,0.36713
0.142624,0.970324,0.195266, 0.173706,0.946167,0.273118, 0.203467,0.914809,0.348892
0.0471061,0.985189,0.164875, 0.0704887,0.966495,0.246816, 0.0933349,0.940446,0.326879
-0.0468267,0.989812,0.134458, -0.0334213,0.975065,0.219389, -0.0197615,0.952896,0.302652
-0.138411,0.984675,0.1061, -0.136585,0.971773,0.19236, -0.13372,0.951474,0.277156
-0.227308,0.970447,0.081018, -0.237667,0.956956,0.166583, -0.246218,0.936182,0.250879
-0.313424,0.947733,0.0597263, -0.335451,0.931217,0.142507, -0.354924,0.907613,0.224203
-0.39673,0.91696,0.042307, -0.428887,0.895291,0.120455, -0.457779,0.866809,0.197686
-0.47714,0.878361,0.0286228, -0.517146,0.849946,0.100753, -0.553216,0.815063,0.172116
-0.554418,0.832035,0.0184137, -0.599603,0.795908,0.0837108, -0.640225,0.753723,0.148371
-0.628118,0.778036,0.0113173, -0.675756,0.733839,0.0695226, -0.718252,0.684058,0.127199
-0.697566,0.716488,0.00687488, -0.745124,0.664382,0.0581963, -0.787011,0.607221,0.109075
-0.76189,0.64769,0.00456464, -0.807176,0.588227,0.0495523, -0.84632,0.524287,0.0941629
-0.820111,0.572191,0.00386235, -0.861338,0.506185,0.0432858, -0.896009,0.436327,0.0823798
-0.871257,0.490807,0.00430282, -0.907039,0.419233,0.0390502, -0.935917,0.344467,0.0735004
-0.914477,0.4046,0.00551685, -0.943794,0.32851,0.0365227, -0.965928,0.249919,0.0672506
-0.949125,0.314816,0.00723421, -0.971279,0.235289,0.0354328, -0.986042,0.15397,0.0633617
-0.974816,0.222818,0.00926114, -0.989382,0.140922,0.0355591, -0.996418,0.0579545,0.0615864
-0.991446,0.130011,0.0114489, -0.99823,0.0467858,0.0367104, -0.997417,-0.0367955,0.0616926
-0.999193,0.0377686,0.0136673, -0.998201,-0.0457937,0.0387065, -0.989612,-0.129007,0.0634513
-0.998489,-0.0526393,0.015789, -0.9899,-0.135601,0.041366, -0.973777,-0.217531,0.0666281
-0.989978,-0.140107,0.0176861, -0.974123,-0.221593,0.0445036, -0.950854,-0.301393,0.0709824
-0.97446,-0.223735,0.0192327, -0.951803,-0.30294,0.0479341, -0.921903,-0.37984,0.0762706
-0.952821,-0.302853,0.0203084, -0.923945,-0.379047,0.0514743, -0.888037,-0.452356,0.0822485
-0.925967,-0.377029,0.0208245, -0.891557,-0.449559,0.0549705, -0.850362,-0.518668,0.0886981
-0.894781,-0.446026,0.0206886, -0.855614,-0.514326,0.0582609, -0.809935,-0.578711,0.0953898
-0.86007,-0.50979,0.0198411, -0.816999,-0.573381,0.0612128, -0.767709,-0.632609,0.102119
-0.822546,-0.568405,0.0182467, -0.776488,-0.626903,0.0637129, -0.724519,-0.68063,0.108694
-0.782812,-0.622055,0.015892, -0.734732,-0.675172,0.0656662, -0.681059,-0.723151,0.114941
-0.74136,-0.670986,0.0127838, -0.692257,-0.718535,0.0669932, -0.637886,-0.760615,0.120693
-0.698579,-0.715477,0.00894496, -0.649471,-0.757373,0.0676278, -0.59542,-0.793505,0.125796
-0.654769,-0.755816,0.00441118, -0.606671,-0.792081,0.0675142, -0.553955,-0.822318,0.130103
-0.61015,-0.792285,-0.000772422, -0.564057,-0.823045,0.0666058, -0.513671,-0.847541,0.133477
-0.56488,-0.825147,-0.00655448, -0.521746,-0.850631,0.0648639, -0.474641,-0.869642,0.135789
-0.519067,-0.854637,-0.01288, -0.479785,-0.875175,0.062258, -0.436851,-0.889052,0.136922
-0.472777,-0.880962,-0.0196927, -0.438159,-0.896975,0.0587659, -0.400206,-0.906161,0.136777
-0.426052,-0.904298,-0.0269362, -0.396808,-0.91629,0.0543753, -0.364544,-0.921308,0.135273
-0.378909,-0.924788,-0.0345558, -0.355634,-0.933335,0.0490852, -0.329652,-0.934779,0.132353
-0.331353,-0.942549,-0.0424993, -0.314514,-0.948283,0.0429067, -0.295281,-0.946799,0.127986
-0.283378,-0.957666,-0.050717, -0.273306,-0.961258,0.0358639, -0.261154,-0.957535,0.122172
-0.234974,-0.970199,-0.0591628, -0.231862,-0.972346,0.0279941, -0.226986,-0.967092,0.114938
-0.18613,-0.980183,-0.0677935, -0.190035,-0.981587,0.0193465, -0.192494,-0.975519,0.106339
-0.136836,-0.98763,-0.0765693, -0.147685,-0.988984,0.00998172, -0.157409,-0.982811,0.0964567
-0.0870833,-0.992529,-0.0854532, -0.104683,-0.994506,-3.10578e-05, -0.121486,-0.988913,0.0853913
-0.0368714,-0.99485,-0.094411, -0.0609228,-0.998086,-0.0106156, -0.0845106,-0.993726,0.0732605
0.0137941,-0.994543,-0.103411, -0.0163165,-0.999632,-0.0216913, -0.0463029,-0.997112,0.0601932
0.0648974,-0.991539,-0.112422, 0.0291984,-0.999023,-0.0331749, -0.00672292,-0.998904,0.0463251
0.116411,-0.985752,-0.121417, 0.0756583,-0.996119,-0.0449825, 0.0343293,-0.998905,0.0317948
0.168295,-0.977078,-0.130368, 0.123072,-0.990758,-0.0570309, 0.0769132,-0.996897,0.0167407
0.22049,-0.965399,-0.139248, 0.171421,-0.982762,-0.0692382, 0.121048,-0.992646,0.00129863
0.272918,-0.95058,-0.148029, 0.220654,-0.971939,-0.0815244, 0.166711,-0.985901,-0.0143991
0.32548,-0.932477,-0.156684, 0.270691,-0.958084,-0.0938114, 0.213842,-0.976401,-0.0302246
0.378048,-0.91093,-0.165184, 0.321416,-0.940984,-0.106022, 0.262336,-0.963877,-0.0460539
0.430466,-0.885776,-0.173496, 0.372676,-0.920418,-0.118081, 0.31205,-0.948056,-0.0617665
0.48254,-0.856844,-0.181587, 0.424282,-0.896163,-0.12991, 0.362795,-0.928662,-0.0772438
0.534041,-0.823966,-0.189419, 0.475999,-0.867999,-0.141431, 0.414333,-0.905426,-0.0923675
0.584695,-0.786984,-0.196948, 0.527546,-0.835715,-0.152564, 0.466383,-0.878085,-0.107018
0.634182,-0.745752,-0.204126, 0.578596,-0.799115,-0.163221, 0.518607,-0.846397,-0.121073
0.682134,-0.700154,-0.210897, 0.628769,-0.758033,-0.17331, 0.570618,-0.810142,-0.134405
0.728136,-0.65011,-0.217199, 0.677632,-0.712337,-0.182734, 0.621971,-0.769142,-0.146879
0.771723,-0.595594,-0.222962, 0.724705,-0.661947,-0.191386, 0.672171,-0.723263,-0.158353
0.812391,-0.536643,-0.22811, 0.769461,-0.606851,-0.199152, 0.720676,-0.672439,-0.168678
0.849605,-0.47338,-0.232559, 0.811339,-0.54711,-0.20591, 0.766899,-0.616677,-0.177693
0.882809,-0.406015,-0.23622, 0.849753,-0.482881,-0.211532, 0.81023,-0.556072,-0.185234
0.911451,-0.334867,-0.239001, 0.88411,-0.41442,-0.215884, 0.85004,-0.490819,-0.191124
0.935,-0.260362,-0.240806, 0.913832,-0.34209,-0.218828, 0.885709,-0.421215,-0.195185
0.952972,-0.183035,-0.24154, 0.938378,-0.266362,-0.220224, 0.916642,-0.34766,-0.197232
0.964962,-0.103523,-0.241106, 0.957268,-0.187802,-0.219928, 0.942289,-0.270652,-0.197077
0.970655,-0.0225391,-0.239417, 0.970102,-0.107057,-0.217807, 0.962167,-0.190761,-0.19454
0.96987,0.0591172,-0.236341, 0.976588,-0.0248584,-0.213679, 0.975873,-0.108645,-0.18939
0.962551,0.140636,-0.231768, 0.976535,0.0580491,-0.207388, 0.983087,-0.0249801,-0.181429
0.948787,0.221204,-0.225548, 0.969869,0.140907,-0.198743, 0.98357,0.0595373,-0.170425
0.928804,0.300039,-0.217486, 0.956619,0.222977,-0.187514, 0.977154,0.144218,-0.156114
0.902953,0.376428,-0.207312, 0.936898,0.303564,-0.173412, 0.963712,0.228391,-0.138191
0.871681,0.449756,-0.19466, 0.910872,0.382037,-0.156075, 0.943131,0.311411,-0.116303
0.835482,0.519531,-0.179045, 0.87872,0.45783,-0.135067, 0.91527,0.392644,-0.0900619
0.794828,0.585397,-0.159872, 0.840571,0.530436,-0.109898, 0.879918,0.471438,-0.0590877
0.750068,0.647126,-0.136477, 0.796449,0.599378,-0.0800895, 0.836769,0.547069,-0.0230929
0.701323,0.70458,-0.108226, 0.74622,0.664157,-0.0452917, 0.785439,0.618678,0.0179873
0.648399,0.757627,-0.0746929, 0.689593,0.724177,-0.00544861, 0.725538,0.685215,0.0638372
0.590766,0.806044,-0.0358869, 0.626174,0.778707,0.0390098, 0.656817,0.745443,0.11361
0.527649,0.84943,0.00749484, 0.555608,0.82688,0.0869956, 0.57934,0.798038,0.165834
0.45825,0.887188,0.0538865, 0.477753,0.867797,0.136677, 0.49362,0.841801,0.218427
0.382054,0.91862,0.100852, 0.392847,0.900691,0.185543, 0.40065,0.875907,0.268823
0.299103,0.943088,0.145334, 0.301608,0.925109,0.230663, 0.301818,0.90009,0.314237
0.210119,0.96018,0.184131, 0.205205,0.940999,0.269093, 0.198729,0.914657,0.352008
0.11644,0.969767,0.214459, 0.105129,0.948651,0.298345, 0.0930173,0.920314,0.379959
0.0197999,0.971932,0.234428, 0.00300942,0.948499,0.316766, -0.013804,0.917847,0.396693
-0.0779268,0.966812,0.243315, -0.0995327,0.940889,0.323762, -0.120381,0.907804,0.401745
-0.174935,0.954476,0.241605, -0.200964,0.92592,0.31982, -0.225464,0.890318,0.395602
-0.26964,0.934891,0.230809, -0.299866,0.90345,0.306363, -0.327809,0.865133,0.379586
-0.360769,0.907977,0.213127, -0.394952,0.873222,0.285475, -0.426129,0.831821,0.35565
-0.447399,0.873696,0.191022, -0.485108,0.83505,0.259543, -0.519125,0.790048,0.326088
-0.528929,0.832109,0.166822, -0.569426,0.788945,0.230911, -0.60559,0.739776,0.293243
-0.604995,0.783388,0.142425, -0.647221,0.735161,0.2016, -0.684521,0.68134,0.259242
-0.675347,0.727808,0.119172, -0.717994,0.674166,0.173158, -0.755177,0.615394,0.225826
-0.739743,0.665734,0.0978737, -0.781382,0.606581,0.146636, -0.817074,0.542812,0.194282
-0.797882,0.597625,0.0789209, -0.837094,0.53313,0.122664, -0.869935,0.464578,0.165473
-0.849401,0.524042,0.0624422, -0.884881,0.454609,0.101569, -0.913627,0.381717,0.139923
-0.893898,0.445647,0.048432, -0.924522,0.371869,0.0834977, -0.948111,0.295262,0.117928
-0.930978,0.363213,0.0368341, -0.955834,0.285815,0.0684951, -0.973415,0.206243,0.0996349
-0.960297,0.277614,0.0275743, -0.978689,0.197409,0.0565491, -0.989632,0.115702,0.0850935
-0.981603,0.189825,0.0205581, -0.993046,0.107675,0.0475958, -0.996932,0.024706,0.0742713
-0.994772,0.100909,0.0156544, -0.998981,0.0176968,0.0415121, -0.995587,-0.0656501,0.0670538
-0.999848,0.0119826,0.0126826, -0.996719,-0.0714102,0.038108, -0.986004,-0.15426,0.0632434
-0.997056,-0.0758266,0.0114109, -0.986655,-0.158537,0.0371292, -0.968745,-0.240041,0.062565
-0.986814,-0.161444,0.0115669, -0.969361,-0.242641,0.0382703, -0.944531,-0.321991,0.0646824
-0.969713,-0.243908,0.0128569, -0.945569,-0.322804,0.0411955, -0.914228,-0.399243,0.0692205
-0.946476,-0.322427,0.0149931, -0.916128,-0.398288,0.0455681, -0.878808,-0.471117,0.0757964
-0.917911,-0.396393,0.0176798, -0.881965,-0.468544,0.0510363, -0.839306,-0.53713,0.0840044
-0.88485,-0.465416,0.0206845, -0.844013,-0.533253,0.0573062, -0.796752,-0.597031,0.0934918
-0.848105,-0.529294,0.0237982, -0.803176,-0.592283,0.0641017, -0.752135,-0.650764,0.103917
-0.808428,-0.587982,0.0268492, -0.760289,-0.645673,0.0711783, -0.706365,-0.69845,0.114966
-0.766488,-0.641572,0.0297023, -0.71609,-0.693599,0.0783221, -0.660243,-0.740348,0.126346
-0.722856,-0.690246,0.0322559, -0.671209,-0.736339,0.0853463, -0.614453,-0.776828,0.137787
-0.678005,-0.73425,0.0344368, -0.626159,-0.774238,0.0920866, -0.569547,-0.808334,0.149036
-0.632314,-0.773866,0.0361954, -0.581345,-0.807685,0.098397, -0.525952,-0.835358,0.15985
-0.586074,-0.809389,0.0375007, -0.537065,-0.837087,0.104146, -0.483969,-0.858414,0.169998
-0.539504,-0.84111,0.0383358, -0.493521,-0.86285,0.109213, -0.443782,-0.878023,0.179258
-0.492757,-0.869306,0.0386939, -0.450825,-0.885369,0.113489, -0.405461,-0.894693,0.18742
-0.445937,-0.894233,0.0385747, -0.409012,-0.905013,0.116875, -0.368974,-0.908907,0.194286
-0.399105,-0.916118,0.0379822, -0.36805,-0.922123,0.119285, -0.334195,-0.921109,0.19968
-0.352288,-0.935163,0.0369219, -0.327848,-0.936995,0.120647, -0.300913,-0.931696,0.203454
-0.305489,-0.951537,0.0354001, -0.288267,-0.949886,0.120906, -0.26885,-0.941006,0.205492
-0.258691,-0.965382,0.0334216, -0.249131,-0.961004,0.120024, -0.237675,-0.949311,0.205714
-0.21186,-0.976809,0.0309896, -0.210242,-0.970504,0.117985, -0.207023,-0.956813,0.204083
-0.164953,-0.985901,0.0281048, -0.171385,-0.978494,0.11479, -0.176513,-0.96364,0.200602
-0.11792,-0.992714,0.0247647, -0.132346,-0.98503,0.110459, -0.145765,-0.969848,0.195312
-0.0707046,-0.997277,0.0209636, -0.0929137,-0.99012,0.105024, -0.114416,-0.975427,0.188285
-0.0232492,-0.99959,0.0166921, -0.0528923,-0.993727,0.0985305, -0.0821329,-0.980302,0.179619
0.0245042,-0.999628,0.0119375, -0.0121049,-0.995775,0.0910294, -0.0486218,-0.984342,0.169429
0.0726106,-0.997338,0.00668321, 0.0296025,-0.996145,0.0825745, -0.0136308,-0.987371,0.157837
0.12112,-0.992637,0.00090932, 0.0723581,-0.994688,0.0732189, 0.0230455,-0.989167,0.144971
0.170074,-0.985416,-0.00540715, 0.116262,-0.991218,0.0630125, 0.0615659,-0.989475,0.130953
0.219502,-0.975535,-0.0122917, 0.161387,-0.98552,0.0520005, 0.102043,-0.988006,0.115897
0.269418,-0.96282,-0.0197715, 0.207772,-0.97735,0.0402224, 0.144545,-0.984441,0.0999102
0.319812,-0.947071,-0.0278741, 0.255423,-0.966432,0.0277129, 0.189091,-0.978438,0.0830889
0.370645,-0.928052,-0.0366257, 0.304308,-0.952463,0.014503, 0.235655,-0.969625,0.0655214
0.421841,-0.9055,-0.0460489, 0.354348,-0.935113,0.00062285, 0.284158,-0.957611,0.0472899
0.473279,-0.879121,-0.0561594, 0.405413,-0.914028,-0.0138952, 0.334461,-0.941979,0.0284747
0.524776,-0.848603,-0.0669623, 0.457309,-0.888835,-0.029012, 0.386362,-0.922302,0.00915914
0.576081,-0.813619,-0.0784472, 0.50977,-0.85915,-0.044676, 0.43958,-0.898141,-0.0105647
0.626861,-0.773847,-0.0905833, 0.562446,-0.824594,-0.0608176, 0.49375,-0.869066,-0.0305891
0.67669,-0.728984,-0.103313, 0.614889,-0.784812,-0.0773427, 0.548408,-0.834667,-0.0507838
0.725042,-0.678772,-0.116547, 0.666553,-0.739492,-0.0941261, 0.60299,-0.794584,-0.0709892
0.771291,-0.623032,-0.130158, 0.716786,-0.688401,-0.111007, 0.656825,-0.74853,-0.0910106
0.814717,-0.561698,-0.143981, 0.764842,-0.631417,-0.127784, 0.709146,-0.696331,-0.110614
0.854529,-0.494849,-0.157811, 0.809899,-0.568564,-0.144218, 0.759104,-0.637952,-0.129528
0.889893,-0.42274,-0.171409, 0.851087,-0.50004,-0.160035, 0.805803,-0.573535,-0.147444
0.919978,-0.345827,-0.18451, 0.887535,-0.42624,-0.174934, 0.848336,-0.503409,-0.164027
0.944009,-0.264764,-0.196841, 0.918419,-0.347758,-0.188604, 0.885839,-0.428104,-0.178932
0.961321,-0.180396,-0.208134, 0.943018,-0.265372,-0.200738, 0.917538,-0.348328,-0.191814
0.971406,-0.0937124,-0.218146, 0.960757,-0.180008,-0.211053, 0.942796,-0.264933,-0.202353
0.973951,-0.0057965,-0.226686, 0.971242,-0.0926811,-0.219316, 0.961141,-0.17886,-0.210276
0.968854,0.0822169,-0.233584, 0.974276,-0.00445949,-0.225313, 0.972283,-0.0911019,-0.215327
0.956217,0.169242,-0.238759, 0.969845,0.0836379,-0.22892, 0.976093,-0.00260276,-0.217339
0.936317,0.254277,-0.242185, 0.958091,0.170673,-0.230069, 0.972574,0.0857694,-0.216201
0.909574,0.336445,-0.243885, 0.939271,0.255827,-0.22874, 0.96182,0.173262,-0.211854
0.876509,0.415016,-0.243914, 0.913711,0.33842,-0.224952, 0.94396,0.259248,-0.204278
0.837704,0.489414,-0.242335, 0.881762,0.417909,-0.218743, 0.919109,0.343223,-0.193486
0.793769,0.55921,-0.239198, 0.843754,0.493876,-0.210155, 0.887319,0.424784,-0.179512
0.745299,0.624119,-0.234531, 0.799962,0.566008,-0.199238, 0.848537,0.503589,-0.162428
0.692841,0.683984,-0.228335, 0.750562,0.634063,-0.186065, 0.802571,0.579316,-0.142379
0.636856,0.738748,-0.220602, 0.695614,0.697825,-0.170768, 0.749078,0.65159,-0.119634
0.577697,0.788425,-0.211311, 0.635062,0.757044,-0.15356, 0.687593,0.719902,-0.0946398
0.515611,0.833054,-0.200414, 0.568787,0.811373,-0.134741, 0.617634,0.783517,-0.0680433
0.450754,0.872674,-0.187778, 0.496701,0.860315,-0.114657, 0.538868,0.841408,-0.0406631
0.383205,0.907297,-0.173107, 0.418874,0.903208,-0.0935985, 0.451355,0.892244,-0.0133775
0.312948,0.93689,-0.155887, 0.335636,0.93926,-0.0716833, 0.355771,0.934482,0.0130656
0.239824,0.961327,-0.135407, 0.247616,0.967631,-0.0487463, 0.253523,0.966571,0.0382858
0.163497,0.980291,-0.110901, 0.155648,0.987513,-0.0243167, 0.146613,0.98722,0.0624525
0.0834932,0.993147,-0.0817789, 0.0606003,0.99816,0.00225323, 0.0372461,0.995575,0.0862682
-0.00063492,0.998851,-0.047917, -0.0367569,0.998828,0.0314921, -0.0725992,0.991203,0.110662
-0.0890285,0.99598,-0.00991279, -0.135714,0.988716,0.0634239, -0.181367,0.973927,0.136278
-0.181215,0.982962,0.0307693, -0.235399,0.967021,0.0972568, -0.287791,0.943719,0.163004
-0.275909,0.958494,0.0718567, -0.334522,0.933194,0.131313, -0.390589,0.900793,0.18977
-0.371065,0.921998,0.11059, -0.431314,0.887302,0.163286, -0.488281,0.845854,0.214739
-0.464201,0.873903,0.144259, -0.523722,0.830256,0.190764, -0.579258,0.780289,0.235816
-0.552873,0.815578,0.170772, -0.609784,0.763739,0.211814, -0.662054,0.706088,0.251245
-0.635089,0.748954,0.189021, -0.687965,0.689858,0.225386, -0.735606,0.625512,0.260036
-0.709485,0.676059,0.198936, -0.757297,0.610704,0.231393, -0.799345,0.540701,0.262088
-0.775294,0.598673,0.201271, -0.817324,0.528049,0.230533, -0.853134,0.453406,0.258041
-0.832196,0.518198,0.197283, -0.867961,0.443247,0.223999, -0.897121,0.364922,0.24901
-0.880158,0.435676,0.188436, -0.909341,0.357279,0.213191, -0.931604,0.276163,0.236323
-0.919312,0.351889,0.17618, -0.941715,0.270868,0.19951, -0.95695,0.187785,0.221322
-0.949883,0.267461,0.161827, -0.965394,0.184588,0.184234, -0.973558,0.10031,0.20524
-0.97215,0.182944,0.14648, -0.980732,0.0989534,0.168446, -0.981849,0.0142093,0.189129
-0.986438,0.0988733,0.131015, -0.988119,0.0144687,0.153007, -0.982281,-0.070046,0.173835
-0.993114,0.0157881,0.116083, -0.987992,-0.0683486,0.138563, -0.975351,-0.151965,0.159989
-0.992595,-0.065763,0.102133, -0.980838,-0.148971,0.125559, -0.961616,-0.231046,0.148028
-0.985344,-0.145239,0.0894541, -0.967196,-0.22688,0.114271, -0.941686,-0.306795,0.138218
-0.971876,-0.222129,0.0782074, -0.947655,-0.301591,0.104848, -0.916222,-0.378758,0.130691
-0.952737,-0.295979,0.0684713, -0.92284,-0.372679,0.0973487, -0.885919,-0.446543,0.125485
-0.928507,-0.366395,0.0602375, -0.893405,-0.439785,0.0917394, -0.851504,-0.509828,0.122543
-0.899766,-0.43308,0.0534958, -0.86,-0.502652,0.0879789, -0.813689,-0.568398,0.121792
-0.86709,-0.495815,0.0481966, -0.823268,-0.561102,0.0859826, -0.773181,-0.62212,0.123114
-0.831036,-0.554454,0.0442696, -0.783831,-0.61504,0.0856409, -0.730661,-0.670946,0.12636
-0.792136,-0.608924,0.0416291, -0.742279,-0.664443,0.0868235, -0.686773,-0.714905,0.131357
-0.750884,-0.659211,0.0401771, -0.699163,-0.709353,0.0893831, -0.64212,-0.754097,0.137909
-0.707737,-0.705354,0.0398068, -0.654989,-0.749874,0.0931578, -0.597257,-0.788686,0.1458
-0.663104,-0.747436,0.0404059, -0.610214,-0.786155,0.0979739, -0.55268,-0.818891,0.154796
-0.617352,-0.785573,0.0418591, -0.565239,-0.81839,0.103648, -0.508824,-0.844979,0.164648
-0.5708,-0.819907,0.0440506, -0.520409,-0.846804,0.109989, -0.466057,-0.867257,0.175091
-0.523721,-0.8506,0.0468663, -0.476009,-0.871649,0.116803, -0.424675,-0.886065,0.18585
-0.476345,-0.877825,0.0501952, -0.432264,-0.893196,0.123892, -0.384893,-0.901769,0.196646
-0.42886,-0.90176,0.0539307, -0.389336,-0.911724,0.131061, -0.346848,-0.91475,0.207194
-0.381416,-0.922584,0.0579717, -0.347324,-0.927517,0.138121, -0.310588,-0.925392,0.21722
-0.334127,-0.940472,0.0622223, -0.306267,-0.940854,0.144892, -0.276077,-0.934076,0.22646
-0.287073,-0.955591,0.0665927, -0.266147,-0.951999,0.151208, -0.243195,-0.941161,0.234673
-0.240306,-0.968097,0.0709984, -0.226889,-0.961195,0.156922, -0.211745,-0.946979,0.241652
-0.193855,-0.978131,0.0753603, -0.188375,-0.968659,0.16191, -0.181462,-0.951814,0.247227
-0.14772,-0.98582,0.0796036, -0.150448,-0.97457,0.166071, -0.152031,-0.955902,0.251274
-0.101887,-0.991272,0.0836578, -0.112923,-0.979069,0.169331, -0.1231,-0.959414,0.253715
-0.0563206,-0.994575,0.0874553, -0.075598,-0.982255,0.171641, -0.0943,-0.962459,0.25452
-0.0109714,-0.995797,0.090931, -0.0382626,-0.984183,0.172973, -0.0652626,-0.965079,0.253699
0.0342225,-0.994982,0.094021, -0.000708164,-0.984866,0.173319, -0.0356335,-0.967254,0.251297
0.0793339,-0.99215,0.0966624, 0.0372663,-0.984273,0.172681, -0.00508487,-0.968904,0.247386
0.124444,-0.987296,0.0987916, 0.0758488,-0.982335,0.171073, 0.0266768,-0.969897,0.242052
0.169638,-0.980385,0.100344, 0.115211,-0.978944,0.168507, 0.0599071,-0.970053,0.235388
0.215009,-0.971349,0.101253, 0.155507,-0.973957,0.164998, 0.0948223,-0.969153,0.227487
0.260644,-0.96009,0.10145, 0.196871,-0.967194,0.160553, 0.1316,-0.966937,0.218434
0.306629,-0.94647,0.100862, 0.239415,-0.958437,0.155172, 0.170379,-0.96311,0.208302
0.353041,-0.930311,0.0994117, 0.28323,-0.947431,0.148847, 0.211263,-0.95734,0.19715
0.39994,-0.911392,0.0970193, 0.328377,-0.933879,0.141558, 0.254315,-0.949258,0.18502
0.447359,-0.889443,0.0935999, 0.374885,-0.917441,0.133277, 0.299558,-0.938457,0.171939
0.495297,-0.864146,0.0890649, 0.42274,-0.897733,0.123964, 0.346965,-0.924487,0.15792
0.543704,-0.835131,0.0833231, 0.471874,-0.87432,0.113576, 0.396452,-0.906855,0.142964
0.59246,-0.80198,0.0762827, 0.522148,-0.846726,0.102061, 0.447861,-0.885028,0.127063
0.64136,-0.764234,0.0678537, 0.573333,-0.814434,0.0893691, 0.500943,-0.858435,0.110204
0.690088,-0.721402,0.0579531, 0.625091,-0.776897,0.0754525, 0.555336,-0.82648,0.0923777
0.738192,-0.672986,0.0465106, 0.676943,-0.733563,0.060276, 0.610542,-0.788558,0.0735826
