# File: ../../samples/ephem_short.dat
#
# Ephemeris generated from specified elements
# Propagator: SGP4 (improved,WGS84)
#
# Time format:              Modified Julian Date
# Coordinate system:        GEI (Geocentric Equatorial Inertial) Cartesian in Earth radii
# Data Delimiter:           comma
#
# datetime(mjd),posx(Re),posy(Re),posz(Re)
55461.00000000,1.55724275,-0.00102209,-0.00071548
55461.00347222,1.52885375,0.25387326,0.17779429
55461.00694444,1.44478631,0.49953907,0.34983451
55461.01041667,1.30891783,0.72732783,0.50934371
55461.01388889,1.12728790,0.92974039,0.65106554
55461.01736111,0.90754077,1.10078977,0.77080388
55461.02083333,0.65830418,1.23617420,0.86554417
55461.02430556,0.38860011,1.33327591,0.93345261
55461.02777778,0.10735213,1.39102933,0.97378381
55461.03125000,-0.17698115,1.40971099,0.98673351
55461.03472222,-0.45664673,1.39069806,0.97326933
55461.03819444,-0.72473005,1.33623038,0.93496384
55461.04166667,-0.97520557,1.24919694,0.87384498
55461.04513889,-1.20293118,1.13295703,0.79227052
55461.04861111,-1.40360843,0.99119806,0.69282839
55461.05208333,-1.57372568,0.82782751,0.57826086
55461.05555556,-1.71049653,0.64689420,0.45140926
55461.05902778,-1.81180149,0.45253333,0.31517536
55461.06250000,-1.87613831,0.24892958,0.17249546
55461.06597222,-1.90258379,0.04029344,0.02632364
55461.06944444,-1.89076913,-0.16915386,-0.12037888
55461.07291667,-1.84086926,-0.37519087,-0.26465126
55461.07638889,-1.75360690,-0.57360566,-0.40353995
55461.07986111,-1.63027080,-0.76020849,-0.53410781
55461.08333333,-1.47274782,-0.93085134,-0.65344788
55461.08680556,-1.28356742,-1.08145861,-0.75870515
55461.09027778,-1.06595601,-1.20807366,-0.84710936
55461.09375000,-0.82389714,-1.30692673,-0.91602278
55461.09722222,-0.56219055,-1.37452953,-0.96300674
55461.10069444,-0.28649996,-1.40780199,-0.98591068
55461.10416667,-0.00337447,-1.40423487,-0.98298614
55461.10763889,0.27977618,-1.36208822,-0.95302596
55461.11111111,0.55477701,-1.28061973,-0.89552412
55461.11458333,0.81288021,-1.16032673,-0.81084511
55461.11805556,1.04507671,-1.00317345,-0.70038249
55461.12152778,1.24253613,-0.81276111,-0.56667732
55461.12500000,1.39715957,-0.59439006,-0.41346053
55461.12847222,1.50219572,-0.35496441,-0.24558480
55461.13194444,1.55283658,-0.10270892,-0.06882480
55461.13541667,1.54668879,0.15329576,0.11044954
55461.13888889,1.48402398,0.40370839,0.28569096
55461.14236111,1.36775250,0.63956437,0.45062154
55461.14583333,1.20312615,0.85285384,0.59963740
55461.14930556,0.99723497,1.03695708,0.72811301
55461.15277778,0.75839841,1.18689361,0.83257461
55461.15625000,0.49555334,1.29938626,0.91074394
55461.15972222,0.21771759,1.37277513,0.96147693
55461.16319444,-0.06642813,1.40683244,0.98463307
55461.16666667,-0.34882925,1.40252857,0.98091078
55461.17013889,-0.62222992,1.36178929,0.95167693
55461.17361111,-0.88025282,1.28727067,0.89880884
55461.17708333,-1.11741268,1.18216581,0.82455866
55461.18055556,-1.32908750,1.05004799,0.73144354
55461.18402778,-1.51146657,0.89474960,0.62216068
55461.18750000,-1.66148937,0.72027229,0.49952448
55461.19097222,-1.77678509,0.53072325,0.36642186
55461.19444444,-1.85561889,0.33027173,0.22578182
55461.19791667,-1.89684881,0.12312069,0.08055555
55461.20138889,-1.89989550,-0.08651122,-0.06629623
55461.20486111,-1.86472585,-0.29440149,-0.21181167
55461.20833333,-1.79185119,-0.49633339,-0.35303465
55461.21180556,-1.68233982,-0.68810696,-0.48702270
55461.21527778,-1.53784364,-0.86555540,-0.61085864
55461.21875000,-1.36063787,-1.02457070,-0.72166883
55461.22222222,-1.15367170,-1.16114331,-0.81665131
55461.22569444,-0.92062673,-1.27142084,-0.89311720
55461.22916667,-0.66597730,-1.35179134,-0.94854944
55461.23263889,-0.39504402,-1.39899664,-0.98068251
55461.23611111,-0.11402758,-1.41028039,-0.98760638
55461.23958333,0.16999525,-1.38357245,-0.96789583
55461.24305556,0.44913605,-1.31770658,-0.92076280
55461.24652778,0.71484580,-1.21265962,-0.84622347
55461.25000000,0.95817718,-1.06978878,-0.74526358
55461.25347222,1.17017391,-0.89203032,-0.61997608
55461.25694444,1.34238250,-0.68401090,-0.47363715
55461.26041667,1.46745126,-0.45202007,-0.31068446
55461.26388889,1.53974564,-0.20380359,-0.13656973
55461.26736111,1.55588120,0.05183261,0.04252103
55461.27083333,1.51507080,0.30557458,0.22005607
55461.27430556,1.41921058,0.54823303,0.38960179
55461.27777778,1.27268492,0.77135665,0.54525193
55461.28125000,1.08193371,0.96773213,0.68197643
55461.28472222,0.85487217,1.13170972,0.79584737
55461.28819444,0.60026863,1.25933834,0.88413123
55461.29166667,0.32717076,1.34833362,0.94526426
55461.29513889,0.04443753,1.39792578,0.97874399
55461.29861111,-0.23960046,1.40863955,0.98497355
55461.30208333,-0.51735714,1.38205082,0.96509027
55461.30555556,-0.78210424,1.32055216,0.92080079
55461.30902778,-1.02800777,1.22714571,0.85423571
55461.31250000,-1.25011318,1.10527170,0.76782936
55461.31597222,-1.44430046,0.95867341,0.66422533
55461.31944444,-1.60722503,0.79129551,0.54620527
55461.32291667,-1.73625597,0.60721058,0.41663762
55461.32638889,-1.82941889,0.41056821,0.27844207
55461.32986111,-1.88534814,0.20556124,0.13456596
55461.33333333,-1.90325122,-0.00359584,-0.01203081
55461.33680556,-1.88288672,-0.21268075,-0.15838548
55461.34027778,-1.82455659,-0.41747340,-0.30153959
55461.34375000,-1.72911300,-0.61376598,-0.43854615
55461.34722222,-1.59797935,-0.79737668,-0.56647955
55461.35069444,-1.43318490,-0.96417112,-0.68245085
55461.35416667,-1.23741125,-1.11009584,-0.78363166
55461.35763889,-1.01404814,-1.23122879,-0.86728994
55461.36111111,-0.76725367,-1.32385211,-0.93084143
55461.36458333,-0.50201169,-1.38455284,-0.97192072
55461.36805556,-0.22417505,-1.41035671,-0.98847530
55461.37152778,0.05952113,-1.39889799,-0.97888480
55461.37500000,0.34149717,-1.34862475,-0.94210461
55461.37847222,0.61344252,-1.25903144,-0.87782836
55461.38194444,0.86653147,-1.13090054,-0.78665593
55461.38541667,1.09176131,-0.96652179,-0.67024514
55461.38888889,1.28041772,-0.76984455,-0.53141573
55461.39236111,1.42464552,-0.54651142,-0.37416943
55461.39583333,1.51806787,-0.30372621,-0.20359367
55461.39930556,1.55636433,-0.04993198,-0.02563230
55461.40277778,1.53770261,0.20568590,0.15326532
55461.40625000,1.46293369,0.45381155,0.32657450
55461.40972222,1.33550597,0.68563189,0.48813864
55461.41319444,1.16111759,0.89339154,0.63255617
55461.41666667,0.94718180,1.07079230,0.75545745
55461.42013889,0.70220886,1.21320326,0.85364841
55461.42361111,0.43520385,1.31769062,0.92512781
55461.42708333,0.15515212,1.38290703,0.96900670
55461.43055556,-0.12937206,1.40889252,0.98536648
55461.43402778,-0.41046870,1.39683572,0.97508995
55461.43750000,-0.68106292,1.34883281,0.93969140
55461.44097222,-0.93496853,1.26766793,0.88116227
55461.44444444,-1.16689049,1.15662700,0.80184061
55461.44791667,-1.37238949,1.01934837,0.70430648
55461.45138889,-1.54782668,0.85970833,0.59130202
55461.45486111,-1.69030168,0.68173706,0.46567279
55461.45833333,-1.79759278,0.48955943,0.33032657
55461.46180556,-1.86810489,0.28735501,0.18820553
55461.46527778,-1.90082883,0.07933219,0.04226825
55461.46875000,-1.89531360,-0.13028827,-0.10452173
55461.47222222,-1.85165296,-0.33728429,-0.24920374
55461.47569444,-1.77048634,-0.53744209,-0.38882685
55461.47916667,-1.65301425,-0.72656798,-0.52045834
55461.48263889,-1.50102759,-0.90050625,-0.64119662
55461.48611111,-1.31694951,-1.05516727,-0.74819136
55461.48958333,-1.10388790,-1.18657061,-0.83867417
55461.49305556,-0.86569435,-1.29090821,-0.91000349
55461.49652778,-0.60702366,-1.36463336,-0.95972751
55461.50000000,-0.33338408,-1.40458069,-0.98566869
55461.50347222,-0.05116448,-1.40812146,-0.98603294
55461.50694444,0.23238055,-1.37335512,-0.95954381
55461.51041667,0.50921124,-1.29933250,-0.90559830
55461.51388889,0.77067518,-1.18629673,-0.82443438
55461.51736111,1.00779525,-1.03591601,-0.71729187
55461.52083333,1.21168539,-0.85146851,-0.58653863
55461.52430556,1.37408424,-0.63792950,-0.43572744
55461.52777778,1.48796392,-0.40190988,-0.26954788
55461.53125000,1.54813638,-0.15141057,-0.09364928
55461.53472222,1.55175517,0.10460950,0.08566616
55461.53819444,1.49861248,0.35680920,0.26184943
55461.54166667,1.39116561,0.59610232,0.42855161
55461.54513889,1.23428642,0.81425481,0.58004050
55461.54861111,1.03478888,1.00435291,0.71152507
55461.55208333,0.80083091,1.16108984,0.81935170
55461.55555556,0.54129515,1.28086392,0.90106802
55461.55902778,0.26523317,1.36171791,0.95537599
55461.56250000,-0.01857688,1.40316875,0.98200901
55461.56597222,-0.30194317,1.40597926,0.98156942
55461.56944444,-0.57745281,1.37191431,0.95535601
55461.57291667,-0.83856656,1.30351058,0.90520183
55461.57638889,-1.07964231,1.20387621,0.83333353
55461.57986111,-1.29591201,1.07652665,0.74225644
55461.58333333,-1.48343218,0.92525677,0.63466523
55461.58680556,-1.63902319,0.75404525,0.51337735
55461.59027778,-1.76020753,0.56698617,0.38128543
55461.59375000,-1.84515410,0.36824201,0.24132474
55461.59722222,-1.89263254,0.16201272,0.09645177
55461.60069444,-1.90198016,-0.04748393,-0.05036941
55461.60416667,-1.87308264,-0.25602513,-0.19617601
55461.60763889,-1.80636920,-0.45939274,-0.33801346
55461.61111111,-1.70282223,-0.65338376,-0.47294297
55461.61458333,-1.56400108,-0.83382533,-0.59805237
55461.61805556,-1.39207904,-0.99659821,-0.71047305
55461.62152778,-1.18989190,-1.13767333,-0.80740615
55461.62500000,-0.96099474,-1.25316633,-0.88616142
55461.62847222,-0.70972202,-1.33941550,-0.94421261
55461.63194444,-0.44124271,-1.39308889,-0.97927304
55461.63541667,-0.16159836,-1.41132507,-0.98939482
55461.63888889,0.12229270,-1.39191040,-0.97309313
55461.64236111,0.40268705,-1.33349062,-0.92949407
55461.64583333,0.67114930,-1.23580698,-0.85849885
55461.64930556,0.91879197,-1.09993621,-0.76094959
55461.65277778,1.13664032,-0.92849990,-0.63877248
55461.65625000,1.31612222,-0.72579692,-0.49506556
55461.65972222,1.44965432,-0.49780663,-0.33409513
55461.66319444,1.53126038,-0.25201902,-0.16117045
55461.66666667,1.55712692,0.00292542,0.01761438
55461.67013889,1.52599154,0.25776231,0.19575342
55461.67361111,1.43928070,0.50322778,0.36676803
55461.67708333,1.30096519,0.73068366,0.52464366
55461.68055556,1.11716538,0.93264583,0.66419632
55461.68402778,0.89558968,1.10314651,0.78132095
55461.68750000,0.64491168,1.23790569,0.87310538
55461.69097222,0.37418092,1.33432837,0.93782260
55461.69444444,0.09233176,1.39137156,0.97483256
55461.69791667,-0.19218080,1.40933321,0.98443065
55461.70138889,-0.47161922,1.38961019,0.96767567
55461.70486111,-0.73909361,1.33445998,0.92622138
55461.70833333,-0.98861007,1.24678699,0.86216631
55461.71180556,-1.21506316,1.12996375,0.77792836
55461.71527778,-1.41419462,0.98768879,0.67614562
55461.71875000,-1.58253533,0.82387873,0.55960115
55461.72222222,-1.71734294,0.64258968,0.43116852
55461.72569444,-1.81654289,0.44796241,0.29377384
55461.72916667,-1.87867835,0.24418561,0.15037040
55461.73263889,-1.90287180,0.03547226,0.00392244
55461.73611111,-1.88880013,-0.17395535,-0.14260523
55461.73958333,-1.83668390,-0.37987610,-0.28625463
55461.74305556,-1.74729124,-0.57807980,-0.42408156
55461.74652778,-1.62195598,-0.76437990,-0.55316488
55461.75000000,-1.46260948,-0.93463306,-0.67062070
55461.75347222,-1.27182477,-1.08476997,-0.77362462
55461.75694444,-1.05287043,-1.21084203,-0.85944516
55461.76041667,-0.80977002,-1.30908932,-0.92549223
55461.76388889,-0.54736017,-1.37603542,-0.96938430
55461.76736111,-0.27133697,-1.40861425,-0.98903797
55461.77083333,0.01172427,-1.40433268,-0.98278223
55461.77430556,0.29439584,-1.36146903,-0.94949729
55461.77777778,0.56849549,-1.27930121,-0.88877333
55461.78125000,0.82528134,-1.15834834,-0.80107754
55461.78472222,1.05576589,-1.00059726,-0.68790910
55461.78819444,1.25115791,-0.80967167,-0.55191242
55461.79166667,1.40341585,-0.59089291,-0.39691299
55461.79513889,1.50586309,-0.35118295,-0.22784202
55461.79861111,1.55378067,-0.09877972,-0.05052969
55461.80208333,1.54487352,0.15722903,0.12862727
55461.80555556,1.47951432,0.40750179,0.30308625
55461.80902778,1.36071025,0.64308060,0.46660518
55461.81250000,1.19379936,0.85596836,0.61364357
55461.81597222,0.98594263,1.03956295,0.73966071
55461.81944444,0.74551250,1.18890475,0.84128188
55461.82291667,0.48148036,1.30073906,0.91633481
55461.82638889,0.20288102,1.37342873,0.96378205
55461.82986111,-0.08160322,1.40676796,0.98358542
55461.83333333,-0.36392906,1.40174759,0.97653812
55461.83680556,-0.63686214,1.36031191,0.94409218
55461.84027778,-0.89405442,1.28513338,0.88819960
55461.84375000,-1.13005567,1.17941924,0.81117665
55461.84722222,-1.34028294,1.04675481,0.71559430
55461.85069444,-1.52096734,0.89098245,0.60419399
55461.85416667,-1.66909198,0.71611190,0.47982545
55461.85763889,-1.78233073,0.52625669,0.34540279
55461.86111111,-1.85899409,0.32559074,0.20387461
55461.86458333,-1.89798570,0.11832017,0.05820471
55461.86805556,-1.89877194,-0.09133463,-0.08864025
55461.87152778,-1.86136537,-0.29915089,-0.23369896
55461.87500000,-1.78632281,-0.50091294,-0.37402229
55461.87847222,-1.67475775,-0.69242339,-0.50668131
55461.88194444,-1.52836682,-0.86951940,-0.62877927
55461.88541667,-1.34946915,-1.02809855,-0.73747033
55461.88888889,-1.14105665,-1.16415853,-0.82998817
55461.89236111,-0.90685179,-1.27385598,-0.90368814
55461.89583333,-0.65136703,-1.35358992,-0.95610666
55461.89930556,-0.37995722,-1.40011528,-0.98504150
55461.90277778,-0.09885175,-1.41069089,-0.98865614
55461.90625000,0.18485127,-1.38326401,-0.96560894
55461.90972222,0.46325178,-1.31668787,-0.91520477
55461.91319444,0.72780135,-1.21096051,-0.83756028
55461.91666667,0.96956799,-1.06746158,-0.73376611
55461.92013889,1.17962760,-0.88915007,-0.60601999
55461.92361111,1.34957702,-0.68067450,-0.45769677
55461.92708333,1.47213276,-0.44834385,-0.29331956
55461.93055556,1.54174424,-0.19991925,-0.11840510
55461.93402778,1.55512242,0.05578354,0.06082229
55461.93750000,1.51158098,0.30944736,0.23782335
55461.94097222,1.41311532,0.55188667,0.40618867
55461.94444444,1.26420085,0.77466047,0.56006546
55461.94791667,1.07135476,0.97057115,0.69450117
55461.95138889,0.84255239,1.13398865,0.80566247
55461.95486111,0.58660369,1.26098378,0.89092010
55461.95833333,0.31257982,1.34929495,0.94881746
55461.96180556,0.02934698,1.39817476,0.97895666
55461.96527778,-0.25477093,1.40816909,0.98183891
55461.96875000,-0.53220577,1.38087319,0.95869059
55461.97222222,-0.79625590,1.31869693,0.91129714
55461.97569444,-1.04112043,1.22465755,0.84185729
55461.97916667,-1.26188261,1.10220822,0.75286304
55461.98263889,-1.45446339,0.95510306,0.64700574
55461.98611111,-1.61556127,0.78729566,0.52710562
55461.98958333,-1.74258975,0.60286567,0.39606123
55461.99305556,-1.83361959,0.40596810,0.25681458
55461.99652778,-1.88733074,0.20079963,0.11232811
55462.00000000,-1.90297639,-0.00842291,-0.03442995
55462.00347222,-1.88036084,-0.21747627,-0.18049505
55462.00694444,-1.81983162,-0.42214086,-0.32291339
55462.01041667,-1.72228619,-0.61821073,-0.45874911
55462.01388889,-1.58919286,-0.80150739,-0.58509449
55462.01736111,-1.42262508,-0.96790132,-0.69908560
55462.02083333,-1.22530764,-1.11334555,-0.79792673
55462.02430556,-1.00067187,-1.23392625,-0.87892678
55462.02777778,-0.75291511,-1.32593569,-0.93955140
55462.03125000,-0.48705701,-1.38597307,-0.97749469
55462.03472222,-0.20898138,-1.41107840,-0.99077369
55462.03819444,0.07455233,-1.39890245,-0.97784776
55462.04166667,0.35594883,-1.34791191,-0.93776175
55462.04513889,0.62689321,-1.25762180,-0.87030703
55462.04861111,0.87856913,-1.12883665,-0.77618702
55462.05208333,1.10199939,-0.96386899,-0.65716489
55462.05555556,1.28851290,-0.76669064,-0.51616205
55462.05902778,1.43031593,-0.54296489,-0.35727151
55462.06250000,1.52110988,-0.29991291,-0.18565429
55462.06597222,1.55666587,-0.04599009,-0.00730339
55462.06944444,1.53525114,0.20961207,0.17131228
55462.07291667,1.45781737,0.45757850,0.34368016
55462.07638889,1.32790793,0.68910378,0.50368646
55462.07986111,1.15130410,0.89644608,0.64599870
55462.08333333,0.93548619,1.07332538,0.76633628
55462.08680556,0.68901323,1.21513189,0.86160662
55462.09027778,0.42092067,1.31895436,0.92991540
55462.09375000,0.14020704,1.38346807,0.97047992
55462.09722222,-0.14455508,1.40873479,0.98348260
55462.10069444,-0.42547966,1.39596330,0.96989906
55462.10416667,-0.69551548,1.34726796,0.93132643
55462.10763889,-0.94850730,1.26544895,0.86982839
55462.11111111,-1.17919632,1.15380607,0.78780459
55462.11458333,-1.38318321,1.01598939,0.68788653
55462.11805556,-1.55687156,0.85588494,0.57285826
55462.12152778,-1.69740504,0.67753077,0.44559851
55462.12500000,-1.80260691,0.48505791,0.30904018
55462.12847222,-1.87092758,0.28265044,0.16614313
55462.13194444,-1.90140357,0.07451976,0.01987668
55462.13541667,-1.89362963,-0.13511176,-0.12679151
55462.13888889,-1.84774513,-0.34202189,-0.27090309
55462.14236111,-1.76443490,-0.54199808,-0.40951589
55462.14583333,-1.64494451,-0.73084931,-0.53971261
55462.14930556,-1.49110929,-0.90442401,-0.65861400
55462.15277778,-1.30539600,-1.05863831,-0.76339950
55462.15625000,-1.09095471,-1.18951922,-0.85133850
55462.15972222,-0.85167721,-1.29326798,-0.91983593
55462.16319444,-0.59225546,-1.36634911,-0.96649575
55462.16666667,-0.31823065,-1.40561064,-0.98920611
55462.17013889,-0.03601868,-1.40843938,-0.98624875
55462.17361111,0.24710667,-1.37295254,-0.95643299
55462.17708333,0.52309673,-1.29822078,-0.89925053
55462.18055556,0.78330290,-1.18450876,-0.81504096
55462.18402778,1.01876710,-1.03350732,-0.70514916
55462.18750000,1.22063955,-0.84851746,-0.57204671
55462.19097222,1.38071335,-0.63453612,-0.41938237
55462.19444444,1.49203263,-0.39819324,-0.25192687
55462.19791667,1.54949627,-0.14750438,-0.07538872
55462.20138889,1.55035501,0.10856261,0.10389857
55462.20486111,1.49450210,0.36066446,0.27938596
55462.20833333,1.38449284,0.59971976,0.44475595
55462.21180556,1.22528743,0.81750566,0.59433609
55462.21527778,1.02377350,1.00712480,0.72341766
55462.21875000,0.78816496,1.16329045,0.82844476
55462.22222222,0.52738182,1.28242303,0.90707078
55462.22569444,0.25049519,1.36258800,0.95810490
55462.22916667,-0.03371305,1.40332448,0.98138413
55462.23263889,-0.31706071,1.40541617,0.97760712
55462.23611111,-0.59215517,1.37064699,0.94815951
55462.23958333,-0.85248568,1.30157057,0.89495071
55462.24305556,-1.09244463,1.20130984,0.82027299
55462.24652778,-1.30730275,1.07339290,0.72668690
55462.25000000,-1.49315826,0.92162521,0.61693254
55462.25347222,-1.64687512,0.74999414,0.49386366
55462.25694444,-1.76602055,0.56260064,0.36040094
55462.26041667,-1.84880883,0.36361245,0.21949997
55462.26388889,-1.89405528,0.15723320,0.07413046
55462.26736111,-1.90114296,-0.05231712,-0.07273701
55462.27083333,-1.87000323,-0.26081488,-0.21813967
55462.27430556,-1.80111082,-0.46404255,-0.35912937
55462.27777778,-1.69549327,-0.65779914,-0.49278030
55462.28125000,-1.55475460,-0.83791525,-0.61620004
55462.28472222,-1.38111202,-1.00027667,-0.72654696
55462.28819444,-1.17744405,-1.14086103,-0.82105693
55462.29166667,-0.94734674,-1.25579240,-0.89708287
55462.29513889,-0.69519294,-1.34141949,-0.95215068
55462.29861111,-0.42618627,-1.39442278,-0.98403558
55462.30208333,-0.14639773,-1.41195549,-0.99086158
55462.30555556,0.13723199,-1.39182083,-0.97122586
55462.30902778,0.41694636,-1.33268354,-0.92434589
55462.31250000,0.68430865,-1.23430579,-0.85022205
55462.31597222,0.93044431,-1.09778663,-0.74980061
55462.31944444,1.14640805,-0.92577060,-0.62511250
55462.32291667,1.32367514,-0.72257897,-0.47935543
55462.32638889,1.45472765,-0.49421148,-0.31688330
55462.32986111,1.53367091,-0.24817490,-0.14307370
55462.33333333,1.55678533,0.00687879,0.03593678
55462.33680556,1.52290887,0.26168012,0.21362998
55462.34027778,1.43356801,0.50696709,0.38354685
55462.34375000,1.29282631,0.73411015,0.53972233
55462.34722222,1.10688398,0.93563954,0.67704695
55462.35069444,0.88351248,1.10560616,0.79150848
55462.35416667,0.63142994,1.23975139,0.88029836
55462.35763889,0.35971211,1.33550282,0.94179706
55462.36111111,0.07730289,1.39183994,0.97547018
55462.36458333,-0.20734760,1.40908220,0.98171263
55462.36805556,-0.48651836,1.38864633,0.96167392
55462.37152778,-0.75334519,1.33280765,0.91708830
55462.37500000,-1.00186667,1.24448630,0.85012403
55462.37847222,-1.22701479,1.12706837,0.76325814
55462.38194444,-1.42457205,0.98426386,0.65917771
55462.38541667,-1.59111239,0.81999889,0.54070546
55462.38888889,-1.72393787,0.63833725,0.41074599
55462.39236111,-1.82101916,0.44342566,0.27224847
55462.39583333,-1.88094506,0.23945718,0.12818197
55462.39930556,-1.90288382,0.03064768,-0.01848038
55462.40277778,-1.88655803,-0.17877911,-0.16477146
55462.40625000,-1.83223386,-0.38460203,-0.30773736
55462.40972222,-1.74072470,-0.58261226,-0.44444449
55462.41319444,-1.61340924,-0.76862604,-0.57198894
55462.41666667,-1.45226304,-0.93850437,-0.68751110
55462.42013889,-1.25990229,-1.08818385,-0.78821838
55462.42361111,-1.03963725,-1.21372355,-0.87141920
55462.42708333,-0.79553089,-1.31137310,-0.93457219
55462.43055556,-0.53245600,-1.37766762,-0.97535395
55462.43402778,-0.25614022,-1.40955474,-0.99174913
55462.43750000,0.02681585,-1.40455725,-0.98216484
55462.44097222,0.30896766,-1.36097161,-0.94556913
55462.44444444,0.58212682,-1.27809592,-0.88164854
55462.44791667,0.83755862,-1.15647115,-0.79097281
55462.45138889,1.06629845,-0.99810701,-0.67514611
55462.45486111,1.25959543,-0.80665008,-0.53691511
55462.45833333,1.40946658,-0.58744316,-0.38019826
55462.46180556,1.50931090,-0.34742678,-0.21000326
55462.46527778,1.55449916,-0.09485281,-0.03221329
55462.46875000,1.54283488,0.16118307,0.14675073
55462.47222222,1.47479173,0.41133828,0.32035370
55462.47569444,1.35347326,0.64666068,0.48239202
55462.47916667,1.18430291,0.85916526,0.62739091
55462.48263889,0.97451155,1.04226694,0.75089644
55462.48611111,0.73252338,1.19102650,0.84963433
55462.48958333,0.46734296,1.30221147,0.92153923
55462.49305556,0.18802076,1.37420735,0.96568070
55462.49652778,-0.09676057,1.40683032,0.98212297
55462.50000000,-0.37897018,1.40109181,0.97175363
