1 38752U          13275.82096920  .00000027  00000-0  10000-3 0  1773
2 38752   9.9601  95.1283 6818074   0.6473 359.9402  2.67319620 10665
1 38752U          13277.31710353  .00000013  00000-0  10000-3 0  1788
2 38752   9.9555  94.4396 6818035   1.9798 359.7327  2.67319200 10704
1 38752U          13279.93534230 -.00000005  00000-0  10000-3 0  1799
2 38752   9.9606  93.2571 6817829   4.2941 359.3727  2.67318223 10770
1 38752U          13282.55362197  .00000006  00000-0  10000-3 0  1804
2 38752   9.9671  92.0731 6817669   6.6101 359.0584  2.67318312 10848
1 38752U          13283.30171958 -.00000115  00000-0  00000+0 0  1820
2 38752   9.9364  91.7029 6819548   7.3198 358.9678  2.67316630 10871
1 38752U          13285.54594475  .00000030  00000-0  10000-3 0  1810
2 38752   9.9796  90.7143 6816364   9.3031 358.6718  2.67325012 10929
1 38752U          13287.41611568  .00000022  00000-0  10000-3 0  1823
2 38752   9.9831  89.8569 6816564  10.9622 358.4307  2.67320090 10974
1 38752U          13288.91228110 -.00000003  00000-0  10000-3 0  1837
2 38752   9.9802  89.1939 6817496  12.2587 358.2313  2.67317342 11013
1 38752U          13290.40845890 -.00000036  00000-0  10000-3 0  1841
2 38752   9.9844  88.5340 6817182  13.5567 358.0629  2.67317267 11050
1 38752U          13290.40847586 -.00000142  00000-0  00000+0 0  1859
2 38752   9.9430  88.4590 6818375  13.6450 358.0663  2.67315549 11053
1 38752U          13291.90459410 -.00000063  00000-0  10000-3 0  1857
2 38752   9.9929  87.8332 6817332  14.9175 357.8511  2.67317350 11098
1 38752U          13294.52284814 -.00000069  00000-0  10000-3 0  1869
2 38752   9.9995  86.6451 6817118  17.2465 357.4955  2.67317386 11165
1 38752U          13294.89688967 -.00000066  00000-0  10000-3 0  1874
2 38752   9.9931  86.4274 6816979  17.5892 357.4640  2.67317482 11176
1 38752U          13295.27091226 -.00000061  00000-0  10000-3 0  1889
2 38752  10.0004  86.3040 6817283  17.8986 357.3948  2.67317461 11184
1 38752U          13297.88920499 -.00000017  00000-0  10000-3 0  1893
2 38752  10.0002  85.0969 6816912  20.2191 357.0854  2.67317329 11256
1 38752U          13299.38536434  .00000004  00000-0  10000-3 0  1909
2 38752  10.0052  84.4686 6816954  21.5041 356.8973  2.67317373 11296
1 38752U          13300.50749107  .00000013  00000-0  10000-3 0  1910
2 38752  10.0059  83.9424 6816812  22.5038 356.7717  2.67317563 11327
1 38752U          13303.49977594  .00000007  00000-0  10000-3 0  1928
2 38752  10.0120  82.6108 6816760  25.1406 356.3632  2.67317584 11405
1 38752U          13306.49203169 -.00000024  00000-0  10000-3 0  1932
2 38752  10.0153  81.2544 6816772  27.7952 355.9213  2.67317288 11486
1 38752U          13307.24009741 -.00000031  00000-0  10000-3 0  1945
2 38752  10.0177  80.9220 6816859  28.4428 355.8119  2.67317037 11500
1 38752U          13309.85833966 -.00000034  00000-0  10000-3 0  1952
2 38752  10.0214  79.7325 6816920  30.7842 355.4327  2.67316718 11578
1 38752U          13312.47661354 -.00000011  00000-0  10000-3 0  1960
2 38752  10.0217  78.5687 6817146  33.0854 355.0779  2.67316113 11643
1 38752U          13315.46892451 -.00000011  00000-0  10000-3 0  1977
2 38752  10.0288  77.2093 6817437  35.7457 354.6639  2.67315240 11728
1 38752U          13318.46117560  .00000008  00000-0  88474-4 0  1988
2 38752   9.9830  75.7422 6819016  38.5334 354.2022  2.67315604 11802
1 38752U          13318.46118679 -.00000070  00000-0  10000-3 0  1989
2 38752  10.0343  75.9153 6817244  38.3383 354.2137  2.67315370 11807
1 38752U          13321.45342645 -.00000111  00000-0  10000-3 0  1991
2 38752  10.0378  74.5588 6817319  40.9951 353.7455  2.67315756 11888
1 38752U          13324.07163881 -.00000090  00000-0  10000-3 0  2004
2 38752  10.0398  73.3662 6817482  43.3261 353.3369  2.67315839 11952
1 38752U          13324.44567278 -.00000084  00000-0  10000-3 0  2017
2 38752  10.0390  73.1991 6817158  43.6505 353.2888  2.67316100 11969
1 38752U          13327.43793285 -.00000036  00000-0  10000-3 0  2026
2 38752  10.0411  71.8750 6817196  46.2766 352.8418  2.67316155 12045
1 38752U          13330.43017160 -.00000024  00000-0  10000-3 0  2039
2 38752  10.0458  70.5592 6817708  48.8988 352.3726  2.67316265 12127
1 38752U          13331.92628157 -.00000065  00000-0  00000+0 0  2050
2 38752  10.0398  69.8188 6819910  50.3130 352.1212  2.67315475 12160
1 38752U          13333.42234381 -.00000052  00000-0  10000-3 0  2049
2 38752  10.0456  69.2008 6818014  51.5602 351.8347  2.67316115 12203
1 38752U          13335.29244689 -.00000075  00000-0  10000-3 0  2054
2 38752  10.0470  68.3573 6818149  53.1988 351.4972  2.67316084 12250
1 38752U          13339.40669728 -.00000071  00000-0  10000-3 0  2063
2 38752  10.0565  66.4842 6818604  56.8933 350.7439  2.67315177 12363
1 38752U          13342.39890395 -.00000049  00000-0  10000-3 0  2077
2 38752  10.0577  65.1317 6818859  59.5430 350.2155  2.67314548 12443
1 38752U          13344.26900618 -.00000066  00000-0  10000-3 0  2085
2 38752  10.0578  64.2709 6819134  61.2281 349.8618  2.67314465 12491
1 38752U          13346.51307579 -.00000113  00000-0  10000-3 0  2096
2 38752  10.0588  63.2480 6819423  63.2304 349.3889  2.67314468 12551
1 38752U          13348.38311546 -.00000149  00000-0  10000-3 0  2103
2 38752  10.0511  62.4420 6819243  64.8589 348.9883  2.67315249 12607
1 38752U          13351.37520323 -.00000151  00000-0  10000-3 0  2115
2 38752  10.0578  61.0588 6819669  67.5449 348.3585  2.67315202 12687
1 38752U          13355.48931312 -.00000083  00000-0  10000-3 0  2120
2 38752  10.0599  59.1821 6820124  71.2196 347.4872  2.67315352 12794
1 38752U          13357.35932221 -.00000067  00000-0  10000-3 0  2131
2 38752  10.0654  58.2726 6820287  72.9399 347.0521  2.67315366 12841
1 38752U          13360.35126383 -.00000082  00000-0  10000-3 0  2147
2 38752  10.0794  56.8809 6820692  75.6474 346.2822  2.67315525 12927
1 38752U          13363.34315421 -.00000123  00000-0  10000-3 0  2159
2 38752  10.0658  55.6008 6819848  78.2796 345.4496  2.67315017 13005
1 38752U          13365.21311531 -.00000136  00000-0  10000-3 0  2160
2 38752  10.0700  54.7327 6820586  79.9325 344.9671  2.67314999 13056
1 38752U          14001.33508844 -.00000133  00000-0  10000-3 0  2174
2 38752  10.0687  54.2441 6820574  80.9201 344.6690  2.67314934 13084
1 38752U          14001.33514462 -.00000115  00000-0  00000+0 0  2172
2 38752  10.0653  54.2601 6823336  80.9021 344.7166  2.67314070 13084
1 38752U          14004.32698701 -.00000102  00000-0  10000-3 0  2185
2 38752  10.0649  52.9092 6820615  83.5723 343.8348  2.67314244 13167
1 38752U          14004.70098729 -.00000099  00000-0  10000-3 0  2197
2 38752  10.0662  52.7136 6820670  83.9467 343.7414  2.67314229 13176
1 38752U          14006.19688503 -.00000098  00000-0  10000-3 0  2208
2 38752  10.0736  52.0079 6821382  85.2968 343.2734  2.67313931 13213
1 38752U          14008.44071359 -.00000130  00000-0  10000-3 0  2211
2 38752  10.0710  50.9964 6821789  87.2803 342.5600  2.67313777 13274
1 38752U          14008.44074762  .00000007  00000-0  68673-4 0  2214
2 38752  10.0703  51.0159 6823750  87.2746 342.5962  2.67314897 13275
1 38752U          14011.43239744 -.00000193  00000-0  10000-3 0  2239
2 38752  10.0726  49.6398 6822111  89.9543 341.5342  2.67314226 13358
1 38752U          14011.43241373 -.00000193  00000-0  10000-3 0  2229
2 38752  10.0722  49.6331 6822038  89.9508 341.5494  2.67314149 13352
1 38752U          14014.42406740 -.00000200  00000-0  10000-3 0  2243
2 38752  10.0820  48.2533 6822611  92.6549 340.5015  2.67314882 13434
1 38752U          14015.54595199  .00000011  00000-0  10238-3 0  2268
2 38752  10.0743  47.7773 6824230  93.6194 340.1242  2.67315328 13472
1 38752U          14019.28538478 -.00000116  00000-0  10000-3 0  2275
2 38752  10.0821  46.0653 6822855  96.9529 338.6820  2.67315067 13561
1 38752U          14026.38981611 -.00000165  00000-0  10000-3 0  2280
2 38752  10.0817  42.8074 6823606 103.2941 335.4568  2.67314827 13750
1 38752U          14029.38104419 -.00000176  00000-0  10000-3 0  2299
2 38752  10.0867  41.3840 6823278 106.0746 333.9811  2.67314752 13839
1 38752U          14030.12876918 -.00000170  00000-0  10000-3 0  2309
2 38752  10.0885  41.0680 6824003 106.7032 333.5331  2.67314644 13855
1 38752U          14036.11073161 -.00000150  00000-0  10000-3 0  2312
2 38752  10.0867  38.3322 6823987 112.0847 330.0850  2.67313506 14014
1 38752U          14037.23226903 -.00000173  00000-0  10000-3 0  2326
2 38752  10.0878  37.8733 6824099 113.0438 329.3621  2.67313537 14042
1 38752U          14040.22297625 -.00000230  00000-0  10000-3 0  2333
2 38752  10.1111  36.5509 6824720 115.6765 327.3924  2.67313891 14128
1 38752U          14043.21354713 -.00000216  00000-0  10000-3 0  2342
2 38752  10.0955  35.1863 6822890 118.3208 325.2985  2.67314934 14201
1 38752U          14044.33493336 -.00000197  00000-0  10000-3 0  2350
2 38752  10.0989  34.6647 6823549 119.3524 324.4351  2.67314955 14230
1 38752U          14047.32516956 -.00000139  00000-0  10000-3 0  2363
2 38752  10.0981  33.2892 6823893 122.0446 322.0152  2.67315039 14311
1 38752U          14049.19391368 -.00000123  00000-0  10000-3 0  2372
2 38752  10.0952  32.4049 6823470 123.8134 320.3465  2.67315111 14362
1 38752U          14054.05206434 -.00000175  00000-0  10000-3 0  2380
2 38752  10.1054  30.1521 6823933 128.1733 315.4662  2.67315012 14491
1 38752U          14055.54680606 -.00000194  00000-0  10000-3 0  2394
2 38752  10.1063  29.4360 6824077 129.5560 313.8907  2.67314936 14539
1 38752U          14058.53603209 -.00000184  00000-0  10000-3 0  2412
2 38752  10.1072  28.0814 6824321 132.2439 310.4922  2.67314910 14617
1 38752U          14062.64564698 -.00000141  00000-0  10000-3 0  2432
2 38752  10.1059  26.1753 6825146 135.9513 305.2551  2.67314190 14724
1 38752U          14062.64570263 -.00000141  00000-0  10000-3 0  2426
2 38752  10.1054  26.1792 6825217 135.9436 305.3091  2.67314180 14724
1 38752U          14068.99547837 -.00000229  00000-0  10000-3 0  2440
2 38752  10.0887  23.3208 6822197 141.7281 295.8313  2.67314505 14894
1 38752U          14070.11563530 -.00000231  00000-0  10000-3 0  2459
2 38752  10.1232  22.7435 6824485 142.6665 293.8250  2.67315720 14924
1 38752U          14071.98291662 -.00000206  00000-0  10000-3 0  2462
2 38752  10.1244  21.8577 6824712 144.3771 290.7634  2.67315849 14973
1 38752U          14074.96990053 -.00000144  00000-0  10000-3 0  2475
2 38752  10.1303  20.5066 6824352 147.0478 285.2258  2.67316286 15059
1 38752U          14077.20982616 -.00000116  00000-0  10000-3 0  2481
2 38752  10.1309  19.4951 6824285 149.0456 280.7745  2.67316451 15110
1 38752U          14082.06205228 -.00000164  00000-0  10000-3 0  2492
2 38752  10.1382  17.3038 6824234 153.3837 270.2189  2.67316655 15245
1 38752U          14083.18160383 -.00000178  00000-0  10000-3 0  2505
2 38752  10.1297  16.7715 6822275 154.3367 267.6049  2.67316746 15276
1 38752U          14091.38956890 -.00000128  00000-0  10000-3 0  2518
2 38752  10.1347  13.0452 6823415 161.7621 246.3613  2.67316374 15494
1 38752U          14092.88126414 -.00000144  00000-0  10000-3 0  2524
2 38752  10.1503  12.2270 6823533 163.2300 241.8728  2.67316622 15537
1 38752U          14095.86420561 -.00000195  00000-0  10000-3 0  2532
2 38752  10.1532  10.7846 6823237 165.9880 232.4661  2.67318130 15611
1 38752U          14096.98253847 -.00000204  00000-0  10000-3 0  2549
2 38752  10.1477  10.4905 6822992 166.7698 228.6819  2.67318320 15641
1 38752U          14098.84768929 -.00000196  00000-0  10000-3 0  2559
2 38752  10.1496   9.5807 6822278 168.4734 223.5899  2.67318447 15696
1 38752U          14101.83023166 -.00000143  00000-0  10000-3 0  2563
2 38752  10.1528   8.2230 6822091 171.1373 213.8045  2.67318559 15779
1 38752U          14104.81245929 -.00000094  00000-0  10000-3 0  2573
2 38752  10.1539   6.9132 6821434 173.7358 203.7214  2.67318748 15853
1 38752U          14105.18549087 -.00000091  00000-0  10000-3 0  2584
2 38752  10.1547   6.7298 6822539 174.1400 202.6981  2.67318760 15867
1 38752U          14107.79446353 -.00000004  00000-0  00000+0 0  2607
2 38752  10.1367   5.4954 6823735 176.4988 193.4148  2.67318527 15927
1 38752U          14107.79456403 -.00000097  00000-0  10000-3 0  2612
2 38752  10.1576   5.5309 6822290 176.4821 193.5112  2.67318842 15938
1 38752U          14110.77655842 -.00000141  00000-0  10000-3 0  2623
2 38752  10.1577   4.2248 6821878 179.0905 183.2037  2.67319013 16013
1 38752U          14111.89502992 -.00000152  00000-0  10000-3 0  2637
2 38752  10.1540   3.7744 6821859 180.0343 179.5527  2.67319028 16046
1 38752U          14114.13173420 -.00000150  00000-0  10000-3 0  2646
2 38752  10.1530   2.7495 6821114 182.0247 172.0251  2.67319101 16107
1 38752U          14116.36831976 -.00000115  00000-0  10000-3 0  2652
2 38752  10.1572   1.7100 6821234 184.0440 164.3769  2.67318929 16166
1 38752U          14118.23200695 -.00000091  00000-0  10000-3 0  2662
2 38752  10.1585   0.8692 6821321 185.7021 157.8729  2.67318750 16217
1 38752U          14123.82416262 -.00000164  00000-0  10000-3 0  2685
2 38752  10.1611 358.3594 6821108 190.6476 139.4467  2.67319503 16369
1 38752U          14125.68863236 -.00000181  00000-0  10000-3 0  2698
2 38752  10.1610 357.5058 6821000 192.3194 133.7063  2.67319619 16414
1 38752U          14126.80723894 -.00000178  00000-0  10000-3 0  2694
2 38752  10.1832 356.8003 6820223 193.5397 130.1895  2.67320145 16449
1 38752U          14127.55224958 -.00000171  00000-0  10000-3 0  2709
2 38752  10.1835 356.4626 6820229 194.2021 127.1475  2.67320160 16466
1 38752U          14129.04393954 -.00000146  00000-0  10000-3 0  2700
2 38752  10.1685 355.8528 6819259 195.4778 122.6644  2.67320205 16509
1 38752U          14129.79001318 -.00000132  00000-0  10000-3 0  2718
2 38752  10.1655 355.5579 6819851 196.0853 120.6539  2.67320484 16520
1 38752U          14130.16313588 -.00000124  00000-0  10000-3 0  2728
2 38752  10.1624 355.3977 6819766 196.4074 119.7275  2.67320517 16534
1 38752U          14131.65505976 -.00000095  00000-0  10000-3 0  2724
2 38752  10.1825 354.6553 6819657 197.7975 115.4753  2.67320544 16570
1 38752U          14137.62382870 -.00000097  00000-0  10000-3 0  2736
2 38752  10.2104 351.8736 6819175 203.1792  99.5034  2.67320806 16730
1 38752U          14141.72842713 -.00000144  00000-0  10000-3 0  2754
2 38752  10.2016 350.0922 6818380 206.7557  89.5563  2.67321054 16849
1 38752U          14144.71445782 -.00000103  00000-0  10000-3 0  2767
2 38752  10.2017 348.7611 6818156 209.3813  83.1553  2.67320726 16927
1 38752U          14147.70099374 -.00000070  00000-0  10000-3 0  2775
2 38752  10.1991 347.4212 6817834 212.0278  77.2449  2.67320968 17004
1 38752U          14150.68794657 -.00000097  00000-0  10000-3 0  2782
2 38752  10.1998 346.0707 6817860 214.6784  71.7524  2.67322062 17082
1 38752U          14152.55501943 -.00000121  00000-0  10000-3 0  2793
2 38752  10.2043 345.2483 6817162 216.3127  68.5304  2.67321796 17130
1 38752U          14152.55502213 -.00000121  00000-0  10000-3 0  2806
2 38752  10.1937 345.2503 6817415 216.3183  68.5330  2.67321816 17139
1 38752U          14155.54258418 -.00000120  00000-0  10000-3 0  2813
2 38752  10.1941 343.8959 6816787 218.9734  63.6294  2.67322356 17218
1 38752U          14158.15700386 -.00000079  00000-0  10000-3 0  2823
2 38752  10.1975 342.7025 6816399 221.3009  59.6333  2.67322667 17280
1 38752U          14161.89251120 -.00000025  00000-0  10000-3 0  2837
2 38752  10.1985 341.0206 6815907 224.6036  54.5257  2.67322913 17388
1 38752U          14164.13410265 -.00000030  00000-0  10000-3 0  2841
2 38752  10.1990 339.9990 6815805 226.5975  51.7384  2.67323073 17445
1 38752U          14166.74949725 -.00000072  00000-0  10000-3 0  2855
2 38752  10.2063 338.8227 6815694 228.9046  48.6857  2.67323251 17515
1 38752U          14168.61771019 -.00000004  00000-0  00000+0 0  2863
2 38752  10.1998 337.9647 6816218 230.5564  46.5759  2.67323127 17839
1 38752U          14170.85976104 -.00000093  00000-0  10000-3 0  2878
2 38752  10.2150 336.9929 6815308 232.5170  44.2306  2.67323351 17625
1 38752U          14171.60717379 -.00000083  00000-0  10000-3 0  2889
2 38752  10.2266 336.6659 6815323 233.1676  43.5064  2.67323286 17647
1 38752U          14172.35459026 -.00000070  00000-0  10000-3 0  2891
2 38752  10.2176 336.3121 6815755 233.8388  42.7895  2.67322945 17660
1 38752U          14174.97063868 -.00000032  00000-0  10000-3 0  2906
2 38752  10.2163 335.1338 6815507 236.1542  40.3651  2.67323122 17736
1 38752U          14177.58689759 -.00000037  00000-0  10000-3 0  2915
2 38752  10.2146 333.9623 6815123 238.4587  38.1501  2.67323455 17804
1 38752U          14179.82950533 -.00000065  00000-0  10000-3 0  2927
2 38752  10.2141 332.9523 6814982 240.4421  36.3540  2.67324058 17868
1 38752U          14182.81977651 -.00000079  00000-0  10000-3 0  2936
2 38752  10.2163 331.6057 6814592 243.0873  34.0783  2.67324267 17942
1 38752U          14185.81021855 -.00000045  00000-0  10000-3 0  2949
2 38752  10.2151 330.2558 6814200 245.7320  31.9864  2.67324950 18027
1 38752U          14186.55784106 -.00000032  00000-0  10000-3 0  2953
2 38752  10.2191 329.9289 6814304 246.3745  31.4909  2.67325400 18048
1 38752U          14192.53937006  .00000002  00000-0  10000-3 0  2964
2 38752  10.2172 327.2379 6814018 251.6463  27.9229  2.67325717 18200
1 38752U          14194.78255689 -.00000038  00000-0  10000-3 0  2974
2 38752  10.2115 326.2438 6813866 253.5989  26.6978  2.67325823 18267
1 38752U          14198.89519440 -.00000062  00000-0  10000-3 0  2986
2 38752  10.2095 324.3861 6813408 257.2335  24.5727  2.67325966 18370
1 38752U          14204.87768077 -.00000002  00000-0  10000-3 0  2999
2 38752  10.2143 321.7016 6812679 262.5055  21.9609  2.67327297 18531
1 38752U          14207.86901084 -.00000035  00000-0  10000-3 0  3007
2 38752  10.2148 320.3749 6812822 265.1166  20.7492  2.67327711 18613
1 38752U          14209.36469632 -.00000049  00000-0  10000-3 0  3018
2 38752  10.2214 319.7684 6813721 266.3553  20.1607  2.67327860 18650
1 38752U          14211.98219784 -.00000044  00000-0  10000-3 0  3026
2 38752  10.2201 318.5750 6813768 268.6791  19.1842  2.67328028 18721
1 38752U          14213.10399202 -.00000032  00000-0  10000-3 0  3056
2 38752  10.2228 318.1145 6813995 269.6164  18.7867  2.67328704 18757
1 38752U          14216.09552235  .00000012  00000-0  10000-3 0  3062
2 38752  10.2222 316.7729 6813834 272.2519  17.7760  2.67328848 18838
1 38752U          14219.71473604  .00000084  00000-0  76129-3 0  3070
2 38752  10.2182 315.1962 6813825 275.3455 260.8457  2.67328894 18923
1 38752U          14220.95693724  .00000067  00000-0  76129-3 0  3087
2 38752  10.2226 314.6219 6813915 276.4921  16.3153  2.67329680 18955
1 38752U          14223.20063619  .00000023  00000-0  76129-3 0  3095
2 38752  10.2213 313.6114 6814136 278.4801  15.5842  2.67329156 19011
1 38752U          14227.31421750  .00000008  00000-0  76129-3 0  3100
2 38752  10.2166 311.7146 6814427 282.1243  14.4400  2.67328593 19121
1 38752U          14228.43609473  .00000023  00000-0  76129-3 0  3112
2 38752  10.2163 311.2146 6813937 283.1166  14.1203  2.67329671 19152
1 38752U          14233.29778944  .00000053  00000-0  76129-3 0  3148
2 38752  10.2145 309.0555 6814035 287.3809  12.9374  2.67330297 19286
1 38752U          14233.67176720  .00000001  00000-0  77802-5 0  3137
2 38752  10.2142 308.9584 6815385 287.6147  12.8665  2.67330805 19298
1 38752U          14237.41155360 -.00000046  00000-0  12944-3 0  3189
2 38752  10.2155 307.2199 6814084 290.9925  11.9868  2.67331010 19397
1 38752U          14237.43761038 -.00000046  00000-0  12944-3 0  3153
2 38752  10.2109 307.3192 6814473 290.8555  37.0804  2.67332527 19393
1 38752U          14240.77730802  .00000393  00000-0  42734-2 0  3174
2 38752  10.2097 305.8216 6816199 293.7974  11.2162  2.67335485 19480
1 38752U          14240.97860927  .00000031  00000-0  86773-3 0  3191
2 38752  10.2083 305.7453 6814627 293.9565 204.9186  2.67332053 19484
1 38752U          14242.27328324  .00000049  00000-0  86773-3 0  3207
2 38752  10.2113 305.0814 6816878 295.2090  10.8658  2.67331856 19512
1 38752U          14243.76923791  .00000069  00000-0  86773-3 0  3214
2 38752  10.2098 304.4100 6816620 296.5266  10.5729  2.67332460 19551
1 38752U          14246.01317569  .00000088  00000-0  86773-3 0  3227
2 38752  10.2081 303.3991 6817615 298.5025  10.1249  2.67333102 19613
1 38752U          14246.76115748  .00000089  00000-0  86773-3 0  3236
2 38752  10.2088 303.0736 6818387 299.1509   9.9702  2.67333127 19634
1 38752U          14247.50914188  .00000170  00000-0  18539-2 0  3251
2 38752  10.2043 302.8192 6816297 299.7116   9.8703  2.67333499 19650
1 38752U          14249.37911239  .00000107  00000-0  14125-2 0  3271
2 38752  10.2067 301.8974 6818555 301.4639   9.4751  2.67333895 19708
1 38752U          14249.40991880  .00000100  00000-0  14125-2 0  3267
2 38752  10.1995 302.0020 6815541 301.3403  39.1663  2.67333480 19704
1 38752U          14251.24904478  .00000068  00000-0  14125-2 0  3284
2 38752  10.2040 301.0647 6818544 303.1049   9.0874  2.67333737 19752
1 38752U          14254.24096665  .00000041  00000-0  14125-2 0  3299
2 38752  10.1998 299.7512 6816611 305.6999   8.5530  2.67334614 19838
1 38752U          14256.11091324  .00000059  00000-0  14125-2 0  3305
2 38752  10.1963 298.9429 6816904 307.3066   8.1821  2.67333892 19888
1 38752U          14258.35491739  .00000089  00000-0  14125-2 0  3311
2 38752  10.1940 297.9271 6817535 309.2989   7.8303  2.67335608 19948
1 38752U          14262.09490473  .00000084  00000-0  14125-2 0  3327
2 38752  10.1880 296.2537 6817841 312.5942   7.2235  2.67336732 20044
1 38752U          14263.96488986  .00000062  00000-0  14125-2 0  3360
2 38752  10.1851 295.4060 6816760 314.2576   6.9282  2.67337446 20091
1 38752U          14265.08686036  .00000056  00000-0  14125-2 0  3375
2 38752  10.1791 294.9894 6819292 315.1497   6.6989  2.67336723 20120
1 38752U          14266.20888500  .00000051  00000-0  14125-2 0  3397
2 38752  10.1774 294.4844 6819448 316.1399   6.5479  2.67337046 20151
1 38752U          14266.58287855  .00000051  00000-0  14125-2 0  3406
2 38752  10.1768 294.3163 6819465 316.4709   6.4822  2.67337149 20160
1 38752U          14269.94885633  .00000075  00000-0  14125-2 0  3425
2 38752  10.1703 292.8191 6820256 319.4240   5.9152  2.67336644 20255
1 38752U          14270.69688870  .00000085  00000-0  14125-2 0  3435
2 38752  10.1693 292.4815 6820423 320.0872   5.8422  2.67337428 20279
1 38752U          14272.19288955  .00000102  00000-0  14125-2 0  3443
2 38752  10.1682 291.7987 6820219 321.4113   5.6672  2.67339386 20310
1 38752U          14275.18485909  .00000111  00000-0  14125-2 0  3454
2 38752  10.1628 290.4532 6820531 324.0590   5.1940  2.67340196 20399
1 38752U          14278.17683662  .00000064  00000-0  14125-2 0  3460
2 38752  10.1605 289.0904 6820555 326.7193   4.7534  2.67341395 20470
1 38752U          14281.16879000  .00000019  00000-0  14125-2 0  3477
2 38752  10.1564 287.7423 6820366 329.3616   4.2972  2.67342143 20556
1 38752U          14284.16077846  .00000036  00000-0  14125-2 0  3501
2 38752  10.1500 286.4030 6820892 331.9993   3.8743  2.67342851 20633
1 38752U          14286.77880567  .00000068  00000-0  14125-2 0  3518
2 38752  10.1426 285.2158 6821679 334.3275   3.5620  2.67344106 20706
1 38752U          14289.02279645  .00000074  00000-0  14125-2 0  3526
2 38752  10.1353 284.2181 6822406 336.3011   3.2659  2.67345018 20767
1 38752U          14292.01477822  .00000052  00000-0  14125-2 0  3555
2 38752  10.1266 282.8657 6822698 338.9547   2.8884  2.67346450 20842
1 38752U          14295.00670672  .00000041  00000-0  14125-2 0  3564
2 38752  10.1142 281.5212 6823074 341.6068   2.4576  2.67347616 20924
1 38752U          14298.37265804  .00000067  00000-0  14125-2 0  3573
2 38752  10.1081 279.9916 6822930 344.5975   2.0211  2.67348600 21014
1 38752U          14300.99063873  .00000095  00000-0  14125-2 0  3589
2 38752  10.0994 278.8010 6823529 346.9300   1.7005  2.67349218 21082
1 38752U          14303.98262107  .00000093  00000-0  14125-2 0  3614
2 38752  10.0913 277.4350 6824171 349.5990   1.3798  2.67351346 21162
1 38752U          14305.10456268  .00000078  00000-0  14125-2 0  3627
2 38752  10.0876 276.9250 6824254 350.6018   1.2131  2.67351968 21192
1 38752U          14306.97449423  .00000046  00000-0  14125-2 0  3634
2 38752  10.0811 276.0667 6825095 352.2796   0.9794  2.67353873 21243
1 38752U          14309.96634399  .00000015  00000-0  14125-2 0  3641
2 38752  10.0759 274.6959 6825170 354.9578   0.5781  2.67356234 21328
1 38752U          14311.08827406  .00000018  00000-0  14125-2 0  3654
2 38752  10.0743 274.1621 6824953 355.9927   0.4125  2.67356597 21355
1 38752U          14312.95820723  .00000039  00000-0  14125-2 0  3660
2 38752  10.0653 273.3279 6825595 357.6300   0.2012  2.67357660 21403
1 38752U          14315.20212488  .00000065  00000-0  14125-2 0  3674
2 38752  10.0566 272.2973 6826110 359.6397 359.9440  2.67358472 21464
1 38752U          14316.69806399  .00000075  00000-0  14125-2 0  3680
2 38752  10.0482 271.6112 6826979   0.9790 359.7697  2.67359090 21509
1 38752U          14318.94195894  .00000072  00000-0  14125-2 0  3712
2 38752  10.0389 270.5743 6827755   2.9991 359.5025  2.67359994 21563
1 38752U          14321.18582683  .00000060  00000-0  14125-2 0  3726
2 38752  10.0310 269.5358 6827965   5.0194 359.2124  2.67360730 21623
1 38752U          14323.05570647  .00000056  00000-0  14125-2 0  3737
2 38752  10.0226 268.6743 6828133   6.6986 358.9746  2.67361896 21676
1 38752U          14325.29956346  .00000018  00000-0  96614-3 0  3742
2 38752  10.0401 267.6668 6829744   8.6862 358.6926  2.67362746 21739
1 38752U          14327.91739980  .00000044  00000-0  96614-3 0  3756
2 38752  10.0091 266.3991 6828771  11.1120 358.3600  2.67362995 21804
1 38752U          14330.16127323  .00000059  00000-0  96614-3 0  3766
2 38752  10.0004 265.3513 6827812  13.1594 358.0992  2.67363471 21866
1 38752U          14330.90922089  .00000062  00000-0  96614-3 0  3775
2 38752   9.9998 265.0043 6829324  13.8175 357.9973  2.67363531 21888
1 38752U          14333.15308077  .00000046  00000-0  96614-3 0  3783
2 38752   9.9914 263.9540 6829874  15.8510 357.7227  2.67363878 21941
1 38752U          14336.14483983 -.00000005  00000-0  96614-3 0  3792
2 38752   9.9821 262.5463 6828852  18.5878 357.3113  2.67364395 22024
1 38752U          14336.89277572 -.00000013  00000-0  96614-3 0  3800
2 38752   9.9789 262.2073 6830174  19.2363 357.2111  2.67364836 22047
1 38752U          14338.38866667  .00000119  00000-0  10243-2 0  3826
2 38752   9.9910 261.5618 6831565  20.5357 357.0301  2.67365976 22082
1 38752U          14339.51057152 -.00000022  00000-0  96614-3 0  3835
2 38752   9.9700 260.9776 6830613  21.6133 356.8724  2.67365580 22115
1 38752U          14342.50234623  .00000010  00000-0  96614-3 0  3845
2 38752   9.9625 259.5634 6830866  24.3406 356.4996  2.67366328 22197
1 38752U          14345.49411044  .00000106  00000-0  89527-3 0  3863
2 38752   9.9503 258.1791 6832681  27.0395 356.1287  2.67367739 22271
1 38752U          14345.86807371  .00000040  00000-0  96614-3 0  3879
2 38752   9.9532 257.9690 6831205  27.4129 356.0694  2.67367112 22285
1 38752U          14348.48582307  .00000034  00000-0  96614-3 0  3883
2 38752   9.9450 256.7352 6830943  29.8055 355.7038  2.67367753 22355
1 38752U          14349.98166733  .00000025  00000-0  96614-3 0  3891
2 38752   9.9422 256.0223 6830555  31.1850 355.4819  2.67368011 22398
1 38752U          14350.35562665  .00000025  00000-0  96614-3 0  3900
2 38752   9.9388 255.8406 6831761  31.5110 355.4229  2.67367993 22407
1 38752U          14354.09523218  .00000026  00000-0  96614-3 0  3918
2 38752   9.9274 254.0662 6832158  34.9268 354.8912  2.67369081 22501
1 38752U          14357.46088400  .00000055  00000-0  96614-3 0  3924
2 38752   9.9173 252.4617 6832456  38.0104 354.4148  2.67369771 22598
1 38752U          14359.70463658  .00000064  00000-0  96614-3 0  3936
2 38752   9.8995 251.3842 6832494  40.0956 354.0658  2.67369316 22651
1 38752U          14361.20047623  .00000054  00000-0  96614-3 0  3944
2 38752   9.9070 250.6711 6832669  41.4497 353.8638  2.67370372 22695
1 38752U          14363.81812571  .00000007  00000-0  96614-3 0  3954
2 38752   9.9001 249.4190 6832845  43.8582 353.4217  2.67370828 22766
1 38752U          14364.93997686 -.00000014  00000-0  96614-3 0  3969
2 38752   9.8935 248.8820 6833132  44.8851 353.2248  2.67370718 22797
1 38752U          15001.80976280  .00000119  00000-0  97647-3 0  3985
2 38752   9.8751 247.9883 6834286  46.6142 352.9419  2.67371052 22840
1 38752U          15002.18369073 -.00000038  00000-0  96614-3 0  3998
2 38752   9.8873 247.8035 6832988  46.9558 352.8651  2.67371136 22855
1 38752U          15004.80134489 -.00000020  00000-0  96614-3 0  4004
2 38752   9.8801 246.5388 6832318  49.3974 352.4345  2.67371572 22927
1 38752U          15005.17529142 -.00000015  00000-0  96614-3 0  4036
2 38752   9.8786 246.3707 6832695  49.7097 352.3739  2.67371680 22937
1 38752U          15005.17532134  .00000092  00000-0  75062-3 0  4028
2 38752   9.8654 246.3647 6834614  49.7224 352.3951  2.67371387 22940
1 38752U          15006.29715755  .00000098  00000-0  79982-3 0  4047
2 38752   9.8474 245.7566 6834659  50.8246 352.1979  2.67371570 22974
1 38752U          15007.04506777  .00000106  00000-0  86796-3 0  4066
2 38752   9.8603 245.4644 6834604  51.4476 352.0860  2.67371760 22995
1 38752U          15007.79296777 -.00000015  00000-0  00000+0 0  4075
2 38752   9.8609 245.1203 6834446  52.1079 351.9633  2.67370615 23300
1 38752U          15008.16688317  .00000028  00000-0  96614-3 0  4086
2 38752   9.8752 244.9206 6832637  52.4882 351.8744  2.67372047 23015
1 38752U          15008.91477033  .00000034  00000-0  96614-3 0  4098
2 38752   9.8716 244.5719 6832804  53.1562 351.7442  2.67372293 23038
1 38752U          15011.90630083  .00000031  00000-0  96614-3 0  4106
2 38752   9.8644 243.1391 6832854  55.9054 351.1962  2.67372840 23118
1 38752U          15014.89778994  .00000006  00000-0  96614-3 0  4114
2 38752   9.8574 241.7018 6832773  58.6582 350.6133  2.67373360 23196
1 38752U          15015.64570227  .00000118  00000-0  96753-3 0  4137
2 38752   9.8408 241.3327 6834613  59.3732 350.4866  2.67372291 23228
1 38752U          15017.88926553  .00000003  00000-0  96614-3 0  4142
2 38752   9.8507 240.2601 6832772  61.4151 350.0196  2.67373852 23275
1 38752U          15019.75893368  .00000020  00000-0  96614-3 0  4157
2 38752   9.8485 239.3586 6832840  63.1421 349.6400  2.67374041 23325
1 38752U          15020.13287035  .00000024  00000-0  96614-3 0  4164
2 38752   9.8449 239.1670 6832767  63.4975 349.5543  2.67373401 23339
1 38752U          15022.00252283  .00000042  00000-0  96614-3 0  4170
2 38752   9.8493 238.2591 6832896  65.2299 349.1741  2.67374281 23380
1 38752U          15022.37650779  .00000112  00000-0  92446-3 0  4191
2 38752   9.8282 238.0796 6834255  65.6069 349.1101  2.67372328 23392
1 38752U          15023.12431631  .00000044  00000-0  96614-3 0  4206
2 38752   9.8468 237.7422 6832800  66.2498 348.9370  2.67374370 23414
1 38752U          15025.36784902  .00000019  00000-0  96614-3 0  4219
2 38752   9.8471 236.6574 6832817  68.3270 348.4193  2.67374633 23479
1 38752U          15026.86352133 -.00000016  00000-0  96614-3 0  4221
2 38752   9.8298 235.9261 6832219  69.7140 348.0300  2.67373261 23515
1 38752U          15028.35922157 -.00000050  00000-0  96614-3 0  4235
2 38752   9.8406 235.2127 6832689  71.0853 347.7308  2.67374927 23556
1 38752U          15029.85485214 -.00000073  00000-0  96614-3 0  4245
2 38752   9.8388 234.5013 6832596  72.4568 347.3251  2.67374965 23595
1 38752U          15032.09834266 -.00000069  00000-0  96614-3 0  4256
2 38752   9.8359 233.4335 6832482  74.5222 346.7720  2.67375166 23657
1 38752U          15032.84617200 -.00000058  00000-0  96614-3 0  9990
2 38752   9.8317 233.0703 6832196  75.2099 346.5815  2.67375095 23674
1 38752U          15033.96790529 -.00000037  00000-0  96614-3 0  9997
2 38752   9.8258 232.5240 6831783  76.2477 346.2884  2.67374977 23705
1 38752U          15035.83744495 -.00000002  00000-0  96614-3 0  9998
2 38752   9.8191 231.6112 6831525  77.9923 345.7881  2.67375018 23750
1 38752U          15038.82864397  .00000017  00000-0  96614-3 0  9999
2 38752   9.8193 230.1724 6831206  80.7531 344.9462  2.67375561 23836
1 38752U          15039.57643075  .00000013  00000-0  96614-3 0  9996
2 38752   9.8122 229.7892 6830826  81.4811 344.7170  2.67375415 23858
1 38752U          15039.95031578  .00000011  00000-0  96614-3 0  9995
2 38752   9.8182 229.6312 6831205  81.7904 344.6061  2.67375777 23868
1 38752U          15042.56753391 -.00000019  00000-0  96614-3 0  9999
2 38752   9.8160 228.3770 6830723  84.2033 343.8012  2.67376308 23939
1 38752U          15048.92341418  .00000002  00000-0  96614-3 0  9999
2 38752   9.8054 225.2895 6829269  90.1103 341.6401  2.67377052 24107
1 38752U          15050.04504189  .00000120  00000-0  10367-2 0  9992
2 38752   9.7915 224.7416 6831028  91.1831 341.2417  2.67376117 24137
1 38752U          15051.91429688  .00000017  00000-0  96614-3 0  9994
2 38752   9.8036 223.8568 6828773  92.8697 340.5075  2.67377187 24186
1 38752U          15053.40970918 -.00000004  00000-0  96614-3 0  9994
2 38752   9.8025 223.1392 6828789  94.2467 339.9137  2.67377222 24226
1 38752U          15054.53125258 -.00000031  00000-0  96614-3 0  9998
2 38752   9.8006 222.5997 6828590  95.2764 339.4487  2.67377084 24252
1 38752U          15057.52195185 -.00000198  00000-0  56219-4 0  9998
2 38752   9.7879 221.1193 6828349  98.1160 338.1369  2.67377395 24335
1 38752U          15058.64344792 -.00000204  00000-0  56219-4 0  9990
2 38752   9.7938 220.5972 6828001  99.1058 337.6369  2.67376545 24364
1 38752U          15060.88641012 -.00000177  00000-0  56219-4 0  9993
2 38752   9.7800 219.4878 6827504 101.2052 336.6054  2.67376885 24424
1 38752U          15062.00785016 -.00000152  00000-0  56219-4 0  9995
2 38752   9.7741 218.9595 6827255 102.2379 336.0508  2.67377263 24456
1 38752U          15064.62450365 -.00000098  00000-0  56219-4 0  9990
2 38752   9.7754 217.7216 6826670 104.6264 334.7198  2.67377472 24526
1 38752U          15066.86727192 -.00000086  00000-0  56219-4 0  9990
2 38752   9.7688 216.6312 6826289 106.7147 333.5047  2.67377696 24580
1 38752U          15069.85749989 -.00000112  00000-0  56219-4 0  9990
2 38752   9.7776 215.2497 6825445 109.4195 331.7646  2.67378011 24669
1 38752U          15072.47384943 -.00000133  00000-0  56219-4 0  9990
2 38752   9.7821 214.0289 6824618 111.7890 330.1472  2.67378250 24738
1 38752U          15073.96884451 -.00000130  00000-0  56219-4 0  9991
2 38752   9.7782 213.2924 6824303 113.1923 329.1594  2.67378219 24777
1 38752U          15075.83752190 -.00000107  00000-0  56219-4 0  9997
2 38752   9.7806 212.3966 6823678 114.8955 327.8610  2.67378022 24829
1 38752U          15078.82725925 -.00000069  00000-0  56219-4 0  9992
2 38752   9.7825 210.9741 6822876 117.6289 325.6390  2.67377761 24904
1 38752U          15079.57467114 -.00000068  00000-0  56219-4 0  9997
2 38752   9.7830 210.6049 6823015 118.3203 325.0576  2.67377473 24920
1 38752U          15081.06944980 -.00000084  00000-0  56219-4 0  9993
2 38752   9.7843 209.8987 6822793 119.6931 323.8545  2.67377280 24961
1 38752U          15083.68519235 -.00000144  00000-0  56219-4 0  9991
2 38752   9.7878 208.6689 6822300 122.0829 321.6340  2.67377155 25032
1 38752U          15086.30075131 -.00000177  00000-0  56219-4 0  9991
2 38752   9.7889 207.4287 6821697 124.4711 319.2424  2.67377100 25103
1 38752U          15086.67442256  .00000019  00000-0  18881-3 0  9993
2 38752   9.7836 207.2420 6823189 124.8373 318.9159  2.67376989 25114
1 38752U          15089.28969409 -.00000133  00000-0  56219-4 0  9993
2 38752   9.7882 206.0025 6820902 127.2068 316.2522  2.67377073 25188
1 38752U          15091.53125324 -.00000080  00000-0  56219-4 0  9995
2 38752   9.7928 204.9598 6820265 129.2316 313.8642  2.67376983 25243
1 38752U          15092.65199719  .00000098  00000-0  97910-3 0  9998
2 38752   9.7834 204.4096 6821770 130.2969 312.6223  2.67375803 25270
1 38752U          15093.77263354 -.00000051  00000-0  56219-4 0  9997
2 38752   9.7917 203.8924 6819605 131.2821 311.3025  2.67376873 25305
1 38752U          15096.38735676 -.00000058  00000-0  56219-4 0  9995
2 38752   9.8007 202.6616 6819012 133.6574 308.0987  2.67376609 25378
1 38752U          15097.50793902  .00000089  00000-0  90639-3 0  9992
2 38752   9.7864 202.1292 6820358 134.7022 306.6992  2.67375316 25406
1 38752U          15099.74877398 -.00000086  00000-0  56219-4 0  9997
2 38752   9.8003 201.0803 6818078 136.7090 303.6226  2.67376372 25467
1 38752U          15102.73621326 -.00000077  00000-0  56219-4 0  9999
2 38752   9.8039 199.6595 6817388 139.4410 299.1652  2.67376011 25546
1 38752U          15105.35003077 -.00000039  00000-0  56219-4 0  9995
2 38752   9.7974 198.4441 6816197 141.7891 295.0743  2.67375605 25618
1 38752U          15106.84344606 -.00000026  00000-0  56219-4 0  9992
2 38752   9.7976 197.7619 6816375 143.1422 292.5379  2.67374938 25652
1 38752U          15108.71011168 -.00000037  00000-0  56219-4 0  9996
2 38752   9.7988 196.8951 6815523 144.8096 289.2862  2.67374954 25707
1 38752U          15109.45675109 -.00000049  00000-0  56219-4 0  9992
2 38752   9.7996 196.5414 6815980 145.5029 287.9540  2.67374659 25720
1 38752U          15111.32312516 -.00000090  00000-0  56219-4 0  9997
2 38752   9.7991 195.6735 6815169 147.1720 284.4218  2.67374756 25773
1 38752U          15112.44285515 -.00000112  00000-0  56219-4 0  9994
2 38752   9.8063 195.1460 6815631 148.2041 282.1916  2.67374187 25808
1 38752U          15115.05533458 -.00000119  00000-0  56219-4 0  9993
2 38752   9.8117 193.9073 6815141 150.5798 276.8146  2.67374718 25877
1 38752U          15118.04045457 -.00000061  00000-0  56219-4 0  9998
2 38752   9.8084 192.5564 6814582 153.2302 270.1122  2.67374196 25959
1 38752U          15120.65208516 -.00000013  00000-0  56219-4 0  9992
2 38752   9.8170 191.3120 6814240 155.6179 263.9156  2.67374289 26028
