# File: Run/ephem_molinya.dat
#
# Ephemeris generated from specified elements
# Propagator: SGP4 (improved,WGS84)
#
# Time format:              Modified Julian Date
# Coordinate system:        GEI (Geocentric Equatorial Inertial) Cartesian in Earth radii
# Data Delimiter:           comma
#
# datetime(mjd),posx(Re),posy(Re),posz(Re)
57040.50000000,3.97180229,-0.72161274,4.75753267
57040.50069444,3.97546953,-0.70999711,4.74019040
57040.50138889,3.97904545,-0.69836516,4.72273921
57040.50208333,3.98252944,-0.68671708,4.70517885
57040.50277778,3.98592085,-0.67505304,4.68750908
57040.50347222,3.98921905,-0.66337321,4.66972963
57040.50416667,3.99242340,-0.65167777,4.65184027
57040.50486111,3.99553322,-0.63996690,4.63384072
57040.50555556,3.99854786,-0.62824078,4.61573074
57040.50625000,4.00146665,-0.61649960,4.59751006
57040.50694444,4.00428889,-0.60474354,4.57917842
57040.50763889,4.00701392,-0.59297280,4.56073555
57040.50833333,4.00964102,-0.58118757,4.54218117
57040.50902778,4.01216949,-0.56938803,4.52351501
57040.50972222,4.01459862,-0.55757440,4.50473680
57040.51041667,4.01692767,-0.54574686,4.48584625
57040.51111111,4.01915592,-0.53390563,4.46684309
57040.51180556,4.02128263,-0.52205090,4.44772702
57040.51250000,4.02330703,-0.51018288,4.42849776
57040.51319444,4.02522838,-0.49830180,4.40915500
57040.51388889,4.02704589,-0.48640785,4.38969847
57040.51458333,4.02875879,-0.47450126,4.37012785
57040.51527778,4.03036628,-0.46258226,4.35044284
57040.51597222,4.03186756,-0.45065106,4.33064315
57040.51666667,4.03326182,-0.43870789,4.31072845
57040.51736111,4.03454823,-0.42675298,4.29069844
57040.51805556,4.03572596,-0.41478657,4.27055280
57040.51875000,4.03679416,-0.40280890,4.25029121
57040.51944444,4.03775198,-0.39082021,4.22991335
57040.52013889,4.03859854,-0.37882074,4.20941889
57040.52083333,4.03933296,-0.36681075,4.18880751
57040.52152778,4.03995435,-0.35479048,4.16807887
57040.52222222,4.04046181,-0.34276020,4.14723263
57040.52291667,4.04085442,-0.33072017,4.12626846
57040.52361111,4.04113123,-0.31867066,4.10518600
57040.52430556,4.04129132,-0.30661193,4.08398493
57040.52500000,4.04133372,-0.29454427,4.06266487
57040.52569444,4.04125747,-0.28246794,4.04122549
57040.52638889,4.04106157,-0.27038325,4.01966641
57040.52708333,4.04074503,-0.25829047,3.99798729
57040.52777778,4.04030683,-0.24618990,3.97618775
57040.52847222,4.03974594,-0.23408186,3.95426743
57040.52916667,4.03906133,-0.22196662,3.93222595
57040.52986111,4.03825193,-0.20984453,3.91006294
57040.53055556,4.03731667,-0.19771588,3.88777801
57040.53125000,4.03625446,-0.18558100,3.86537079
57040.53194444,4.03506419,-0.17344022,3.84284089
57040.53263889,4.03374473,-0.16129387,3.82018791
57040.53333333,4.03229495,-0.14914230,3.79741147
57040.53402778,4.03071369,-0.13698586,3.77451115
57040.53472222,4.02899977,-0.12482489,3.75148656
57040.53541667,4.02715200,-0.11265977,3.72833730
57040.53611111,4.02516916,-0.10049085,3.70506295
57040.53680556,4.02305002,-0.08831851,3.68166309
57040.53750000,4.02079334,-0.07614314,3.65813731
57040.53819444,4.01839784,-0.06396512,3.63448520
57040.53888889,4.01586223,-0.05178486,3.61070631
57040.53958333,4.01318520,-0.03960276,3.58680022
57040.54027778,4.01036542,-0.02741923,3.56276650
57040.54097222,4.00740152,-0.01523471,3.53860472
57040.54166667,4.00429214,-0.00304961,3.51431442
57040.54236111,4.00103588,0.00913562,3.48989516
57040.54305556,3.99763131,0.02132053,3.46534650
57040.54375000,3.99407698,0.03350465,3.44066799
57040.54444444,3.99037143,0.04568753,3.41585915
57040.54513889,3.98651316,0.05786868,3.39091954
57040.54583333,3.98250065,0.07004761,3.36584869
57040.54652778,3.97833236,0.08222381,3.34064613
57040.54722222,3.97400670,0.09439679,3.31531139
57040.54791667,3.96952208,0.10656601,3.28984399
57040.54861111,3.96487688,0.11873094,3.26424346
57040.54930556,3.96006942,0.13089104,3.23850930
57040.55000000,3.95509804,0.14304574,3.21264104
57040.55069444,3.94996101,0.15519447,3.18663819
57040.55138889,3.94465658,0.16733664,3.16050024
57040.55208333,3.93918298,0.17947167,3.13422671
57040.55277778,3.93353840,0.19159893,3.10781709
57040.55347222,3.92772098,0.20371779,3.08127087
57040.55416667,3.92172887,0.21582762,3.05458756
57040.55486111,3.91556013,0.22792776,3.02776664
57040.55555556,3.90921283,0.24001752,3.00080759
57040.55625000,3.90268497,0.25209623,2.97370991
57040.55694444,3.89597455,0.26416317,2.94647306
57040.55763889,3.88907949,0.27621762,2.91909654
57040.55833333,3.88199769,0.28825884,2.89157982
57040.55902778,3.87472702,0.30028606,2.86392236
57040.55972222,3.86726529,0.31229850,2.83612364
57040.56041667,3.85961028,0.32429537,2.80818313
57040.56111111,3.85175972,0.33627583,2.78010030
57040.56180556,3.84371129,0.34823906,2.75187462
57040.56250000,3.83546264,0.36018417,2.72350553
57040.56319444,3.82701135,0.37211029,2.69499252
57040.56388889,3.81835497,0.38401650,2.66633503
57040.56458333,3.80949099,0.39590186,2.63753254
57040.56527778,3.80041685,0.40776542,2.60858450
57040.56597222,3.79112994,0.41960618,2.57949037
57040.56666667,3.78162759,0.43142314,2.55024961
57040.56736111,3.77190708,0.44321524,2.52086169
57040.56805556,3.76196562,0.45498142,2.49132606
57040.56875000,3.75180039,0.46672057,2.46164219
57040.56944444,3.74140847,0.47843156,2.43180954
57040.57013889,3.73078690,0.49011322,2.40182759
57040.57083333,3.71993265,0.50176436,2.37169579
57040.57152778,3.70884262,0.51338373,2.34141363
57040.57222222,3.69751366,0.52497007,2.31098058
57040.57291667,3.68594251,0.53652207,2.28039613
57040.57361111,3.67412587,0.54803838,2.24965975
57040.57430556,3.66206036,0.55951761,2.21877094
57040.57500000,3.64974252,0.57095833,2.18772921
57040.57569444,3.63716879,0.58235907,2.15653405
57040.57638889,3.62433556,0.59371830,2.12518498
57040.57708333,3.61123911,0.60503446,2.09368153
57040.57777778,3.59787564,0.61630594,2.06202322
57040.57847222,3.58424127,0.62753105,2.03020962
57040.57916667,3.57033201,0.63870809,1.99824026
57040.57986111,3.55614379,0.64983528,1.96611473
57040.58055556,3.54167241,0.66091077,1.93383260
57040.58125000,3.52691361,0.67193268,1.90139349
57040.58194444,3.51186298,0.68289905,1.86879702
57040.58263889,3.49651603,0.69380785,1.83604281
57040.58333333,3.48086815,0.70465699,1.80313054
57040.58402778,3.46491460,0.71544431,1.77005989
57040.58472222,3.44865053,0.72616758,1.73683056
57040.58541667,3.43207097,0.73682446,1.70344230
57040.58611111,3.41517080,0.74741258,1.66989487
57040.58680556,3.39794479,0.75792945,1.63618807
57040.58750000,3.38038754,0.76837249,1.60232172
57040.58819444,3.36249353,0.77873905,1.56829571
57040.58888889,3.34425709,0.78902637,1.53410994
57040.58958333,3.32567238,0.79923159,1.49976437
57040.59027778,3.30673342,0.80935174,1.46525899
57040.59097222,3.28743404,0.81938374,1.43059387
57040.59166667,3.26776792,0.82932440,1.39576910
57040.59236111,3.24772855,0.83917040,1.36078487
57040.59305556,3.22730924,0.84891830,1.32564140
57040.59375000,3.20650310,0.85856452,1.29033899
57040.59444444,3.18530306,0.86810535,1.25487803
57040.59513889,3.16370182,0.87753691,1.21925897
57040.59583333,3.14169189,0.88685518,1.18348236
57040.59652778,3.11926554,0.89605599,1.14754885
57040.59722222,3.09641482,0.90513496,1.11145916
57040.59791667,3.07313154,0.91408757,1.07521417
57040.59861111,3.04940726,0.92290909,1.03881484
57040.59930556,3.02523328,0.93159459,1.00226228
57040.60000000,3.00060065,0.94013893,0.96555772
57040.60069444,2.97550011,0.94853676,0.92870255
57040.60138889,2.94992216,0.95678248,0.89169833
57040.60208333,2.92385696,0.96487026,0.85454679
57040.60277778,2.89729438,0.97279399,0.81724985
57040.60347222,2.87022396,0.98054729,0.77980961
57040.60416667,2.84263492,0.98812352,0.74222844
57040.60486111,2.81451613,0.99551569,0.70450891
57040.60555556,2.78585608,1.00271651,0.66665386
57040.60625000,2.75664293,1.00971834,0.62866642
57040.60694444,2.72686441,1.01651318,0.59055002
57040.60763889,2.69650787,1.02309265,0.55230840
57040.60833333,2.66556027,1.02944796,0.51394570
57040.60902778,2.63400810,1.03556988,0.47546640
57040.60972222,2.60183744,1.04144874,0.43687543
57040.61041667,2.56903389,1.04707437,0.39817818
57040.61111111,2.53558259,1.05243610,0.35938051
57040.61180556,2.50146820,1.05752269,0.32048885
57040.61250000,2.46667486,1.06232235,0.28151020
57040.61319444,2.43118621,1.06682267,0.24245219
57040.61388889,2.39498536,1.07101056,0.20332315
57040.61458333,2.35805488,1.07487227,0.16413219
57040.61527778,2.32037678,1.07839329,0.12488920
57040.61597222,2.28193252,1.08155833,0.08560500
57040.61666667,2.24270300,1.08435128,0.04629137
57040.61736111,2.20266852,1.08675512,0.00696118
57040.61805556,2.16180883,1.08875190,-0.03237157
57040.61875000,2.12010310,1.09032267,-0.07169158
57040.61944444,2.07752994,1.09144742,-0.11098217
57040.62013889,2.03406741,1.09210499,-0.15022515
57040.62083333,1.98969304,1.09227305,-0.18940066
57040.62152778,1.94438385,1.09192799,-0.22848704
57040.62222222,1.89811641,1.09104483,-0.26746065
57040.62291667,1.85086689,1.08959719,-0.30629567
57040.62361111,1.80261110,1.08755717,-0.34496392
57040.62430556,1.75332461,1.08489531,-0.38343466
57040.62500000,1.70298284,1.08158045,-0.42167431
57040.62569444,1.65156119,1.07757969,-0.45964619
57040.62638889,1.59903521,1.07285832,-0.49731030
57040.62708333,1.54538076,1.06737970,-0.53462295
57040.62777778,1.49057429,1.06110524,-0.57153649
57040.62847222,1.43459311,1.05399432,-0.60799894
57040.62916667,1.37741569,1.04600428,-0.64395365
57040.62986111,1.31902210,1.03709036,-0.67933890
57040.63055556,1.25939441,1.02720575,-0.71408753
57040.63125000,1.19851732,1.01630160,-0.74812656
57040.63194444,1.13637870,1.00432714,-0.78137676
57040.63263889,1.07297037,0.99122984,-0.81375234
57040.63333333,1.00828893,0.97695559,-0.84516054
57040.63402778,0.94233665,0.96144901,-0.87550140
57040.63472222,0.87512257,0.94465389,-0.90466751
57040.63541667,0.80666368,0.92651367,-0.93254394
57040.63611111,0.73698614,0.90697211,-0.95900825
57040.63680556,0.66612667,0.88597408,-0.98393074
57040.63750000,0.59413402,0.86346657,-1.00717492
57040.63819444,0.52107033,0.83939981,-1.02859825
57040.63888889,0.44701265,0.81372857,-1.04805326
57040.63958333,0.37205421,0.78641371,-1.06538900
57040.64027778,0.29630552,0.75742377,-1.08045301
57040.64097222,0.21989524,0.72673671,-1.09309360
57040.64166667,0.14297053,0.69434173,-1.10316275
57040.64236111,0.06569693,0.66024098,-1.11051924
57040.64305556,-0.01174250,0.62445115,-1.11503226
57040.64375000,-0.08914871,0.58700484,-1.11658510
57040.64444444,-0.16630904,0.54795148,-1.11507897
57040.64513889,-0.24300042,0.50735779,-1.11043652
57040.64583333,-0.31899329,0.46530764,-1.10260502
57040.64652778,-0.39405606,0.42190122,-1.09155892
57040.64722222,-0.46796001,0.37725358,-1.07730140
57040.64791667,-0.54048426,0.33149250,-1.05986505
57040.64861111,-0.61142056,0.28475586,-1.03931143
57040.64930556,-0.68057757,0.23718863,-1.01572945
57040.65000000,-0.74778455,0.18893970,-0.98923292
57040.65069444,-0.81289395,0.14015858,-0.95995720
57040.65138889,-0.87578321,0.09099246,-0.92805532
57040.65208333,-0.93635543,0.04158345,-0.89369383
57040.65277778,-0.99453914,-0.00793372,-0.85704853
57040.65347222,-1.05028722,-0.05743341,-0.81830045
57040.65416667,-1.10357528,-0.10680039,-0.77763210
57040.65486111,-1.15439947,-0.15593058,-0.73522424
57040.65555556,-1.20277400,-0.20473139,-0.69125321
57040.65625000,-1.24872869,-0.25312163,-0.64588871
57040.65694444,-1.29230631,-0.30103122,-0.59929225
57040.65763889,-1.33356019,-0.34840055,-0.55161601
57040.65833333,-1.37255197,-0.39517979,-0.50300215
57040.65902778,-1.40934953,-0.44132805,-0.45358248
57040.65972222,-1.44402520,-0.48681252,-0.40347844
57040.66041667,-1.47665426,-0.53160758,-0.35280128
57040.66111111,-1.50731358,-0.57569399,-0.30165241
57040.66180556,-1.53608059,-0.61905804,-0.25012389
57040.66250000,-1.56303238,-0.66169085,-0.19829900
57040.66319444,-1.58824500,-0.70358765,-0.14625279
57040.66388889,-1.61179295,-0.74474719,-0.09405271
57040.66458333,-1.63374873,-0.78517120,-0.04175924
57040.66527778,-1.65418258,-0.82486388,0.01057352
57040.66597222,-1.67316222,-0.86383148,0.06289730
57040.66666667,-1.69075278,-0.90208196,0.11516912
57040.66736111,-1.70701669,-0.93962462,0.16735078
57040.66805556,-1.72201363,-0.97646987,0.21940838
57040.66875000,-1.73580061,-1.01262898,0.27131193
57040.66944444,-1.74843194,-1.04811386,0.32303492
57040.67013889,-1.75995934,-1.08293692,0.37455400
57040.67083333,-1.77043198,-1.11711089,0.42584861
57040.67152778,-1.77989661,-1.15064874,0.47690076
57040.67222222,-1.78839762,-1.18356355,0.52769469
57040.67291667,-1.79597715,-1.21586843,0.57821668
57040.67361111,-1.80267520,-1.24757646,0.62845482
57040.67430556,-1.80852975,-1.27870061,0.67839881
57040.67500000,-1.81357682,-1.30925373,0.72803982
57040.67569444,-1.81785058,-1.33924848,0.77737030
57040.67638889,-1.82138349,-1.36869732,0.82638387
57040.67708333,-1.82420635,-1.39761246,0.87507517
57040.67777778,-1.82634838,-1.42600589,0.92343975
57040.67847222,-1.82783737,-1.45388930,0.97147402
57040.67916667,-1.82869970,-1.48127413,1.01917510
57040.67986111,-1.82896041,-1.50817154,1.06654075
57040.68055556,-1.82864336,-1.53459240,1.11356935
57040.68125000,-1.82777119,-1.56054730,1.16025977
57040.68194444,-1.82636546,-1.58604654,1.20661135
57040.68263889,-1.82444670,-1.61110014,1.25262385
57040.68333333,-1.82203444,-1.63571784,1.29829738
57040.68402778,-1.81914729,-1.65990911,1.34363239
57040.68472222,-1.81580299,-1.68368313,1.38862959
57040.68541667,-1.81201844,-1.70704884,1.43328997
57040.68611111,-1.80780978,-1.73001490,1.47761474
57040.68680556,-1.80319241,-1.75258973,1.52160530
57040.68750000,-1.79818102,-1.77478150,1.56526323
57040.68819444,-1.79278964,-1.79659813,1.60859024
57040.68888889,-1.78703170,-1.81804733,1.65158821
57040.68958333,-1.78092003,-1.83913655,1.69425911
57040.69027778,-1.77446689,-1.85987306,1.73660502
57040.69097222,-1.76768402,-1.88026388,1.77862809
57040.69166667,-1.76058267,-1.90031584,1.82033056
57040.69236111,-1.75317361,-1.92003558,1.86171473
57040.69305556,-1.74546715,-1.93942953,1.90278294
57040.69375000,-1.73747318,-1.95850394,1.94353760
57040.69444444,-1.72920120,-1.97726488,1.98398113
57040.69513889,-1.72066030,-1.99571825,2.02411598
57040.69583333,-1.71185923,-2.01386978,2.06394463
57040.69652778,-1.70280638,-2.03172502,2.10346956
57040.69722222,-1.69350980,-2.04928939,2.14269330
57040.69791667,-1.68397725,-2.06656814,2.18161833
57040.69861111,-1.67421618,-2.08356637,2.22024717
57040.69930556,-1.66423376,-2.10028905,2.25858232
57040.70000000,-1.65403687,-2.11674101,2.29662629
57040.70069444,-1.64363217,-2.13292695,2.33438156
57040.70138889,-1.63302604,-2.14885143,2.37185062
57040.70208333,-1.62222464,-2.16451889,2.40903593
57040.70277778,-1.61123391,-2.17993366,2.44593994
57040.70347222,-1.60005957,-2.19509995,2.48256509
57040.70416667,-1.58870714,-2.21002186,2.51891379
57040.70486111,-1.57718194,-2.22470338,2.55498844
57040.70555556,-1.56548912,-2.23914838,2.59079140
57040.70625000,-1.55363363,-2.25336067,2.62632503
57040.70694444,-1.54162026,-2.26734392,2.66159165
57040.70763889,-1.52945366,-2.28110172,2.69659356
57040.70833333,-1.51713828,-2.29463759,2.73133305
57040.70902778,-1.50467845,-2.30795493,2.76581236
57040.70972222,-1.49207837,-2.32105707,2.80003371
57040.71041667,-1.47934206,-2.33394726,2.83399931
57040.71111111,-1.46647346,-2.34662866,2.86771133
57040.71180556,-1.45347634,-2.35910437,2.90117190
57040.71250000,-1.44035437,-2.37137739,2.93438316
57040.71319444,-1.42711112,-2.38345068,2.96734720
57040.71388889,-1.41375002,-2.39532709,3.00006606
57040.71458333,-1.40027441,-2.40700944,3.03254181
57040.71527778,-1.38668752,-2.41850047,3.06477643
57040.71597222,-1.37299249,-2.42980284,3.09677192
57040.71666667,-1.35919236,-2.44091916,3.12853024
57040.71736111,-1.34529008,-2.45185200,3.16005331
57040.71805556,-1.33128852,-2.46260384,3.19134303
57040.71875000,-1.31719045,-2.47317712,3.22240128
57040.71944444,-1.30299857,-2.48357422,3.25322992
57040.72013889,-1.28871551,-2.49379748,3.28383077
57040.72083333,-1.27434381,-2.50384916,3.31420563
57040.72152778,-1.25988594,-2.51373151,3.34435626
57040.72222222,-1.24534431,-2.52344669,3.37428443
57040.72291667,-1.23072126,-2.53299684,3.40399186
57040.72361111,-1.21601905,-2.54238405,3.43348023
57040.72430556,-1.20123990,-2.55161035,3.46275124
57040.72500000,-1.18638597,-2.56067775,3.49180654
57040.72569444,-1.17145933,-2.56958820,3.52064774
57040.72638889,-1.15646204,-2.57834362,3.54927646
57040.72708333,-1.14139606,-2.58694589,3.57769428
57040.72777778,-1.12626334,-2.59539683,3.60590275
57040.72847222,-1.11106575,-2.60369826,3.63390342
57040.72916667,-1.09580513,-2.61185194,3.66169781
57040.72986111,-1.08048326,-2.61985959,3.68928739
57040.73055556,-1.06510187,-2.62772290,3.71667365
57040.73125000,-1.04966267,-2.63544354,3.74385805
57040.73194444,-1.03416731,-2.64302314,3.77084200
57040.73263889,-1.01861739,-2.65046329,3.79762691
57040.73333333,-1.00301450,-2.65776555,3.82421419
57040.73402778,-0.98736016,-2.66493146,3.85060520
57040.73472222,-0.97165588,-2.67196252,3.87680130
57040.73541667,-0.95590310,-2.67886022,3.90280380
57040.73611111,-0.94010326,-2.68562599,3.92861404
57040.73680556,-0.92425776,-2.69226126,3.95423330
57040.73750000,-0.90836794,-2.69876742,3.97966285
57040.73819444,-0.89243514,-2.70514585,4.00490397
57040.73888889,-0.87646065,-2.71139788,4.02995789
57040.73958333,-0.86044574,-2.71752484,4.05482582
57040.74027778,-0.84439164,-2.72352802,4.07950899
57040.74097222,-0.82829958,-2.72940869,4.10400858
57040.74166667,-0.81217073,-2.73516810,4.12832577
57040.74236111,-0.79600624,-2.74080748,4.15246170
57040.74305556,-0.77980726,-2.74632804,4.17641753
57040.74375000,-0.76357488,-2.75173095,4.20019438
57040.74444444,-0.74731018,-2.75701738,4.22379335
57040.74513889,-0.73101423,-2.76218848,4.24721555
57040.74583333,-0.71468807,-2.76724537,4.27046205
57040.74652778,-0.69833270,-2.77218915,4.29353392
57040.74722222,-0.68194912,-2.77702090,4.31643221
57040.74791667,-0.66553830,-2.78174170,4.33915796
57040.74861111,-0.64910119,-2.78635260,4.36171219
57040.74930556,-0.63263873,-2.79085461,4.38409590
57040.75000000,-0.61615182,-2.79524877,4.40631010
57040.75069444,-0.59964137,-2.79953607,4.42835576
57040.75138889,-0.58310824,-2.80371749,4.45023386
57040.75208333,-0.56655330,-2.80779399,4.47194534
57040.75277778,-0.54997739,-2.81176653,4.49349116
57040.75347222,-0.53338134,-2.81563604,4.51487224
57040.75416667,-0.51676595,-2.81940344,4.53608951
57040.75486111,-0.50013201,-2.82306963,4.55714387
57040.75555556,-0.48348031,-2.82663551,4.57803620
57040.75625000,-0.46681161,-2.83010195,4.59876741
57040.75694444,-0.45012665,-2.83346982,4.61933835
57040.75763889,-0.43342618,-2.83673997,4.63974989
57040.75833333,-0.41671091,-2.83991322,4.66000288
57040.75902778,-0.39998155,-2.84299041,4.68009814
57040.75972222,-0.38323880,-2.84597235,4.70003652
57040.76041667,-0.36648333,-2.84885984,4.71981883
57040.76111111,-0.34971582,-2.85165366,4.73944587
57040.76180556,-0.33293692,-2.85435459,4.75891844
57040.76250000,-0.31614728,-2.85696339,4.77823732
57040.76319444,-0.29934754,-2.85948082,4.79740329
57040.76388889,-0.28253831,-2.86190761,4.81641712
57040.76458333,-0.26572021,-2.86424450,4.83527955
57040.76527778,-0.24889385,-2.86649221,4.85399134
57040.76597222,-0.23205981,-2.86865144,4.87255323
57040.76666667,-0.21521867,-2.87072289,4.89096594
57040.76736111,-0.19837101,-2.87270727,4.90923018
57040.76805556,-0.18151739,-2.87460523,4.92734668
57040.76875000,-0.16465837,-2.87641746,4.94531612
57040.76944444,-0.14779447,-2.87814461,4.96313921
57040.77013889,-0.13092625,-2.87978733,4.98081662
57040.77083333,-0.11405422,-2.88134627,4.99834903
57040.77152778,-0.09717891,-2.88282206,5.01573711
57040.77222222,-0.08030082,-2.88421533,5.03298151
57040.77291667,-0.06342045,-2.88552668,5.05008289
57040.77361111,-0.04653831,-2.88675673,5.06704189
57040.77430556,-0.02965486,-2.88790608,5.08385914
57040.77500000,-0.01277060,-2.88897531,5.10053527
57040.77569444,0.00411400,-2.88996502,5.11707089
57040.77638889,0.02099849,-2.89087577,5.13346663
57040.77708333,0.03788240,-2.89170813,5.14972308
57040.77777778,0.05476529,-2.89246267,5.16584084
57040.77847222,0.07164671,-2.89313994,5.18182050
57040.77916667,0.08852622,-2.89374048,5.19766265
57040.77986111,0.10540340,-2.89426482,5.21336785
57040.78055556,0.12227782,-2.89471352,5.22893668
57040.78125000,0.13914906,-2.89508707,5.24436970
57040.78194444,0.15601670,-2.89538602,5.25966747
57040.78263889,0.17288035,-2.89561086,5.27483053
57040.78333333,0.18973960,-2.89576210,5.28985943
57040.78402778,0.20659405,-2.89584025,5.30475469
57040.78472222,0.22344332,-2.89584578,5.31951686
57040.78541667,0.24028702,-2.89577920,5.33414645
57040.78611111,0.25712476,-2.89564097,5.34864398
57040.78680556,0.27395619,-2.89543158,5.36300996
57040.78750000,0.29078091,-2.89515149,5.37724490
57040.78819444,0.30759858,-2.89480117,5.39134930
57040.78888889,0.32440883,-2.89438106,5.40532364
57040.78958333,0.34121130,-2.89389163,5.41916842
57040.79027778,0.35800564,-2.89333332,5.43288411
57040.79097222,0.37479151,-2.89270657,5.44647120
57040.79166667,0.39156856,-2.89201181,5.45993015
57040.79236111,0.40833645,-2.89124948,5.47326143
57040.79305556,0.42509486,-2.89042000,5.48646549
57040.79375000,0.44184344,-2.88952379,5.49954280
57040.79444444,0.45858188,-2.88856126,5.51249380
57040.79513889,0.47530985,-2.88753284,5.52531893
57040.79583333,0.49202704,-2.88643891,5.53801864
57040.79652778,0.50873312,-2.88527989,5.55059335
57040.79722222,0.52542778,-2.88405617,5.56304350
57040.79791667,0.54211072,-2.88276814,5.57536950
57040.79861111,0.55878164,-2.88141619,5.58757179
57040.79930556,0.57544023,-2.88000069,5.59965076
57040.80000000,0.59208619,-2.87852205,5.61160683
57040.80069444,0.60871923,-2.87698061,5.62344041
57040.80138889,0.62533906,-2.87537676,5.63515190
57040.80208333,0.64194538,-2.87371086,5.64674168
57040.80277778,0.65853792,-2.87198328,5.65821015
57040.80347222,0.67511639,-2.87019436,5.66955770
57040.80416667,0.69168051,-2.86834448,5.68078471
57040.80486111,0.70823001,-2.86643396,5.69189155
57040.80555556,0.72476460,-2.86446318,5.70287860
57040.80625000,0.74128402,-2.86243245,5.71374623
57040.80694444,0.75778800,-2.86034213,5.72449479
57040.80763889,0.77427628,-2.85819255,5.73512466
57040.80833333,0.79074858,-2.85598404,5.74563619
57040.80902778,0.80720465,-2.85371694,5.75602973
57040.80972222,0.82364423,-2.85139155,5.76630563
57040.81041667,0.84006706,-2.84900822,5.77646423
57040.81111111,0.85647289,-2.84656725,5.78650587
57040.81180556,0.87286146,-2.84406895,5.79643089
57040.81250000,0.88923253,-2.84151365,5.80623962
57040.81319444,0.90558585,-2.83890165,5.81593239
57040.81388889,0.92192117,-2.83623325,5.82550953
57040.81458333,0.93823825,-2.83350876,5.83497135
57040.81527778,0.95453684,-2.83072847,5.84431817
57040.81597222,0.97081671,-2.82789269,5.85355032
57040.81666667,0.98707762,-2.82500169,5.86266808
57040.81736111,1.00331934,-2.82205579,5.87167179
57040.81805556,1.01954162,-2.81905525,5.88056173
57040.81875000,1.03574424,-2.81600037,5.88933820
57040.81944444,1.05192697,-2.81289143,5.89800151
57040.82013889,1.06808957,-2.80972870,5.90655195
57040.82083333,1.08423183,-2.80651247,5.91498979
57040.82152778,1.10035351,-2.80324300,5.92331534
57040.82222222,1.11645439,-2.79992056,5.93152888
57040.82291667,1.13253425,-2.79654543,5.93963067
57040.82361111,1.14859286,-2.79311786,5.94762100
57040.82430556,1.16463002,-2.78963813,5.95550015
57040.82500000,1.18064549,-2.78610649,5.96326837
57040.82569444,1.19663907,-2.78252320,5.97092595
57040.82638889,1.21261053,-2.77888852,5.97847313
57040.82708333,1.22855967,-2.77520269,5.98591019
57040.82777778,1.24448626,-2.77146597,5.99323738
57040.82847222,1.26039011,-2.76767861,6.00045494
57040.82916667,1.27627100,-2.76384085,6.00756315
57040.82986111,1.29212871,-2.75995294,6.01456223
57040.83055556,1.30796305,-2.75601511,6.02145245
57040.83125000,1.32377381,-2.75202762,6.02823403
57040.83194444,1.33956077,-2.74799068,6.03490723
57040.83263889,1.35532374,-2.74390455,6.04147227
57040.83333333,1.37106252,-2.73976945,6.04792939
57040.83402778,1.38677689,-2.73558561,6.05427883
57040.83472222,1.40246666,-2.73135326,6.06052080
57040.83541667,1.41813163,-2.72707264,6.06665554
57040.83611111,1.43377159,-2.72274395,6.07268326
57040.83680556,1.44938636,-2.71836743,6.07860420
57040.83750000,1.46497572,-2.71394329,6.08441856
57040.83819444,1.48053949,-2.70947176,6.09012656
57040.83888889,1.49607747,-2.70495305,6.09572841
57040.83958333,1.51158947,-2.70038738,6.10122432
57040.84027778,1.52707528,-2.69577495,6.10661451
57040.84097222,1.54253472,-2.69111599,6.11189916
57040.84166667,1.55796758,-2.68641070,6.11707849
57040.84236111,1.57337369,-2.68165928,6.12215269
57040.84305556,1.58875285,-2.67686195,6.12712196
57040.84375000,1.60410486,-2.67201890,6.13198650
57040.84444444,1.61942954,-2.66713035,6.13674649
57040.84513889,1.63472670,-2.66219648,6.14140213
57040.84583333,1.64999614,-2.65721751,6.14595360
57040.84652778,1.66523769,-2.65219362,6.15040108
57040.84722222,1.68045114,-2.64712502,6.15474477
57040.84791667,1.69563632,-2.64201189,6.15898483
57040.84861111,1.71079303,-2.63685444,6.16312144
57040.84930556,1.72592109,-2.63165284,6.16715479
57040.85000000,1.74102032,-2.62640730,6.17108504
57040.85069444,1.75609052,-2.62111800,6.17491236
57040.85138889,1.77113152,-2.61578512,6.17863693
57040.85208333,1.78614312,-2.61040885,6.18225890
57040.85277778,1.80112515,-2.60498937,6.18577844
57040.85347222,1.81607742,-2.59952688,6.18919571
57040.85416667,1.83099974,-2.59402154,6.19251087
57040.85486111,1.84589194,-2.58847353,6.19572409
57040.85555556,1.86075382,-2.58288304,6.19883550
57040.85625000,1.87558521,-2.57725024,6.20184527
57040.85694444,1.89038592,-2.57157531,6.20475354
57040.85763889,1.90515577,-2.56585842,6.20756046
57040.85833333,1.91989458,-2.56009974,6.21026619
57040.85902778,1.93460217,-2.55429944,6.21287086
57040.85972222,1.94927835,-2.54845770,6.21537461
57040.86041667,1.96392294,-2.54257468,6.21777759
57040.86111111,1.97853577,-2.53665055,6.22007993
57040.86180556,1.99311664,-2.53068548,6.22228177
57040.86250000,2.00766539,-2.52467962,6.22438324
57040.86319444,2.02218182,-2.51863316,6.22638447
57040.86388889,2.03666576,-2.51254624,6.22828560
57040.86458333,2.05111702,-2.50641903,6.23008674
57040.86527778,2.06553543,-2.50025170,6.23178803
57040.86597222,2.07992080,-2.49404439,6.23338959
57040.86666667,2.09427295,-2.48779727,6.23489155
57040.86736111,2.10859170,-2.48151049,6.23629401
57040.86805556,2.12287688,-2.47518421,6.23759709
57040.86875000,2.13712829,-2.46881859,6.23880093
57040.86944444,2.15134576,-2.46241378,6.23990562
57040.87013889,2.16552911,-2.45596993,6.24091127
57040.87083333,2.17967816,-2.44948719,6.24181801
57040.87152778,2.19379271,-2.44296572,6.24262593
57040.87222222,2.20787260,-2.43640566,6.24333515
57040.87291667,2.22191765,-2.42980716,6.24394576
57040.87361111,2.23592766,-2.42317037,6.24445787
57040.87430556,2.24990245,-2.41649544,6.24487159
57040.87500000,2.26384186,-2.40978251,6.24518700
57040.87569444,2.27774568,-2.40303173,6.24540420
57040.87638889,2.29161375,-2.39624324,6.24552330
57040.87708333,2.30544587,-2.38941719,6.24554438
57040.87777778,2.31924186,-2.38255371,6.24546753
57040.87847222,2.33300155,-2.37565294,6.24529285
57040.87916667,2.34672474,-2.36871504,6.24502042
57040.87986111,2.36041126,-2.36174013,6.24465033
57040.88055556,2.37406091,-2.35472836,6.24418266
57040.88125000,2.38767352,-2.34767986,6.24361749
57040.88194444,2.40124889,-2.34059477,6.24295490
57040.88263889,2.41478685,-2.33347322,6.24219498
57040.88333333,2.42828721,-2.32631536,6.24133780
57040.88402778,2.44174978,-2.31912132,6.24038344
57040.88472222,2.45517437,-2.31189122,6.23933196
57040.88541667,2.46856080,-2.30462521,6.23818345
57040.88611111,2.48190888,-2.29732341,6.23693796
57040.88680556,2.49521843,-2.28998596,6.23559558
57040.88750000,2.50848925,-2.28261298,6.23415636
57040.88819444,2.52172115,-2.27520461,6.23262037
57040.88888889,2.53491395,-2.26776098,6.23098767
57040.88958333,2.54806745,-2.26028221,6.22925833
57040.89027778,2.56118147,-2.25276843,6.22743240
57040.89097222,2.57425582,-2.24521978,6.22550994
57040.89166667,2.58729030,-2.23763636,6.22349102
57040.89236111,2.60028471,-2.23001832,6.22137567
57040.89305556,2.61323888,-2.22236578,6.21916397
57040.89375000,2.62615260,-2.21467886,6.21685595
57040.89444444,2.63902568,-2.20695768,6.21445167
57040.89513889,2.65185793,-2.19920238,6.21195117
57040.89583333,2.66464915,-2.19141306,6.20935451
57040.89652778,2.67739915,-2.18358985,6.20666172
57040.89722222,2.69010772,-2.17573288,6.20387285
57040.89791667,2.70277467,-2.16784227,6.20098794
57040.89861111,2.71539980,-2.15991813,6.19800704
57040.89930556,2.72798292,-2.15196058,6.19493017
57040.90000000,2.74052382,-2.14396975,6.19175737
57040.90069444,2.75302231,-2.13594576,6.18848868
57040.90138889,2.76547817,-2.12788871,6.18512414
57040.90208333,2.77789122,-2.11979873,6.18166377
57040.90277778,2.79026124,-2.11167594,6.17810760
57040.90347222,2.80258804,-2.10352045,6.17445567
57040.90416667,2.81487141,-2.09533238,6.17070799
57040.90486111,2.82711114,-2.08711184,6.16686460
57040.90555556,2.83930702,-2.07885895,6.16292551
57040.90625000,2.85145886,-2.07057383,6.15889075
57040.90694444,2.86356644,-2.06225658,6.15476034
57040.90763889,2.87562955,-2.05390732,6.15053430
57040.90833333,2.88764798,-2.04552617,6.14621264
57040.90902778,2.89962152,-2.03711324,6.14179538
57040.90972222,2.91154996,-2.02866863,6.13728253
57040.91041667,2.92343309,-2.02019247,6.13267410
57040.91111111,2.93527069,-2.01168486,6.12797011
57040.91180556,2.94706254,-2.00314592,6.12317056
57040.91250000,2.95880843,-1.99457575,6.11827547
57040.91319444,2.97050815,-1.98597446,6.11328483
57040.91388889,2.98216147,-1.97734218,6.10819865
57040.91458333,2.99376817,-1.96867900,6.10301693
57040.91527778,3.00532804,-1.95998503,6.09773967
57040.91597222,3.01684085,-1.95126039,6.09236688
57040.91666667,3.02830637,-1.94250518,6.08689855
57040.91736111,3.03972439,-1.93371952,6.08133467
57040.91805556,3.05109468,-1.92490350,6.07567524
57040.91875000,3.06241700,-1.91605725,6.06992025
57040.91944444,3.07369114,-1.90718085,6.06406970
57040.92013889,3.08491687,-1.89827443,6.05812357
57040.92083333,3.09609394,-1.88933809,6.05208185
57040.92152778,3.10722214,-1.88037194,6.04594453
57040.92222222,3.11830122,-1.87137608,6.03971158
57040.92291667,3.12933096,-1.86235062,6.03338301
57040.92361111,3.14031111,-1.85329566,6.02695877
57040.92430556,3.15124144,-1.84421132,6.02043886
57040.92500000,3.16212171,-1.83509769,6.01382326
57040.92569444,3.17295167,-1.82595488,6.00711193
57040.92638889,3.18373110,-1.81678300,6.00030486
57040.92708333,3.19445974,-1.80758216,5.99340202
57040.92777778,3.20513734,-1.79835245,5.98640337
57040.92847222,3.21576367,-1.78909398,5.97930890
57040.92916667,3.22633847,-1.77980686,5.97211856
57040.92986111,3.23686149,-1.77049119,5.96483232
57040.93055556,3.24733249,-1.76114708,5.95745015
57040.93125000,3.25775120,-1.75177462,5.94997202
57040.93194444,3.26811738,-1.74237393,5.94239788
57040.93263889,3.27843077,-1.73294511,5.93472769
57040.93333333,3.28869111,-1.72348826,5.92696141
57040.93402778,3.29889814,-1.71400348,5.91909901
57040.93472222,3.30905159,-1.70449088,5.91114042
57040.93541667,3.31915122,-1.69495057,5.90308562
57040.93611111,3.32919674,-1.68538264,5.89493454
57040.93680556,3.33918789,-1.67578720,5.88668714
57040.93750000,3.34912441,-1.66616435,5.87834337
57040.93819444,3.35900603,-1.65651420,5.86990317
57040.93888889,3.36883246,-1.64683685,5.86136649
57040.93958333,3.37860344,-1.63713240,5.85273327
57040.94027778,3.38831869,-1.62740096,5.84400345
57040.94097222,3.39797793,-1.61764264,5.83517698
57040.94166667,3.40758088,-1.60785752,5.82625379
57040.94236111,3.41712725,-1.59804573,5.81723381
57040.94305556,3.42661677,-1.58820735,5.80811699
57040.94375000,3.43604915,-1.57834250,5.79890326
57040.94444444,3.44542409,-1.56845128,5.78959253
57040.94513889,3.45474130,-1.55853380,5.78018476
57040.94583333,3.46400050,-1.54859015,5.77067986
57040.94652778,3.47320138,-1.53862044,5.76107776
57040.94722222,3.48234364,-1.52862478,5.75137838
57040.94791667,3.49142700,-1.51860327,5.74158165
57040.94861111,3.50045114,-1.50855601,5.73168748
57040.94930556,3.50941576,-1.49848312,5.72169580
57040.95000000,3.51832055,-1.48838469,5.71160652
57040.95069444,3.52716520,-1.47826082,5.70141956
57040.95138889,3.53594940,-1.46811163,5.69113483
57040.95208333,3.54467283,-1.45793723,5.68075225
57040.95277778,3.55333518,-1.44773771,5.67027171
57040.95347222,3.56193613,-1.43751318,5.65969314
57040.95416667,3.57047535,-1.42726375,5.64901643
57040.95486111,3.57895251,-1.41698952,5.63824150
57040.95555556,3.58736730,-1.40669061,5.62736824
57040.95625000,3.59571938,-1.39636712,5.61639655
57040.95694444,3.60400841,-1.38601915,5.60532634
57040.95763889,3.61223406,-1.37564682,5.59415749
57040.95833333,3.62039599,-1.36525023,5.58288991
57040.95902778,3.62849386,-1.35482949,5.57152349
57040.95972222,3.63652732,-1.34438471,5.56005812
57040.96041667,3.64449602,-1.33391600,5.54849369
57040.96111111,3.65239962,-1.32342347,5.53683008
57040.96180556,3.66023775,-1.31290723,5.52506718
57040.96250000,3.66801007,-1.30236739,5.51320488
57040.96319444,3.67571620,-1.29180406,5.50124305
57040.96388889,3.68335580,-1.28121735,5.48918158
57040.96458333,3.69092848,-1.27060738,5.47702034
57040.96527778,3.69843388,-1.25997425,5.46475921
57040.96597222,3.70587163,-1.24931808,5.45239807
57040.96666667,3.71324134,-1.23863899,5.43993677
57040.96736111,3.72054264,-1.22793708,5.42737520
57040.96805556,3.72777515,-1.21721248,5.41471322
57040.96875000,3.73493847,-1.20646529,5.40195070
57040.96944444,3.74203222,-1.19569563,5.38908749
57040.97013889,3.74905600,-1.18490363,5.37612347
57040.97083333,3.75600941,-1.17408939,5.36305848
57040.97152778,3.76289204,-1.16325303,5.34989239
57040.97222222,3.76970350,-1.15239468,5.33662506
57040.97291667,3.77644338,-1.14151445,5.32325633
57040.97361111,3.78311125,-1.13061246,5.30978605
57040.97430556,3.78970670,-1.11968884,5.29621408
57040.97500000,3.79622931,-1.10874370,5.28254026
57040.97569444,3.80267866,-1.09777717,5.26876443
57040.97638889,3.80905430,-1.08678937,5.25488644
57040.97708333,3.81535581,-1.07578042,5.24090613
57040.97777778,3.82158275,-1.06475045,5.22682334
57040.97847222,3.82773468,-1.05369959,5.21263789
57040.97916667,3.83381114,-1.04262796,5.19834962
57040.97986111,3.83981169,-1.03153569,5.18395837
57040.98055556,3.84573586,-1.02042290,5.16946396
57040.98125000,3.85158321,-1.00928974,5.15486622
57040.98194444,3.85735325,-0.99813632,5.14016497
57040.98263889,3.86304552,-0.98696279,5.12536004
57040.98333333,3.86865954,-0.97576926,5.11045124
57040.98402778,3.87419484,-0.96455589,5.09543839
57040.98472222,3.87965092,-0.95332279,5.08032131
57040.98541667,3.88502729,-0.94207012,5.06509980
57040.98611111,3.89032347,-0.93079800,5.04977368
57040.98680556,3.89553894,-0.91950657,5.03434276
57040.98750000,3.90067320,-0.90819598,5.01880684
57040.98819444,3.90572574,-0.89686636,5.00316571
57040.98888889,3.91069604,-0.88551787,4.98741919
57040.98958333,3.91558358,-0.87415063,4.97156707
57040.99027778,3.92038783,-0.86276480,4.95560914
57040.99097222,3.92510824,-0.85136053,4.93954520
57040.99166667,3.92974429,-0.83993796,4.92337504
57040.99236111,3.93429542,-0.82849724,4.90709844
57040.99305556,3.93876109,-0.81703853,4.89071519
57040.99375000,3.94314072,-0.80556197,4.87422507
57040.99444444,3.94743376,-0.79406772,4.85762786
57040.99513889,3.95163964,-0.78255594,4.84092333
57040.99583333,3.95575777,-0.77102679,4.82411127
57040.99652778,3.95978758,-0.75948042,4.80719144
57040.99722222,3.96372846,-0.74791699,4.79016361
57040.99791667,3.96757983,-0.73633668,4.77302755
57040.99861111,3.97134107,-0.72473964,4.75578302
57040.99930556,3.97501158,-0.71312604,4.73842978
57041.00000000,3.97859072,-0.70149605,4.72096759
57041.00069444,3.98207789,-0.68984984,4.70339620
57041.00138889,3.98547243,-0.67818759,4.68571537
57041.00208333,3.98877371,-0.66650946,4.66792484
57041.00277778,3.99198109,-0.65481565,4.65002436
57041.00347222,3.99509389,-0.64310631,4.63201368
57041.00416667,3.99811146,-0.63138165,4.61389253
57041.00486111,4.00103313,-0.61964184,4.59566066
57041.00555556,4.00385820,-0.60788707,4.57731779
57041.00625000,4.00658599,-0.59611753,4.55886366
57041.00694444,4.00921581,-0.58433341,4.54029800
57041.00763889,4.01174693,-0.57253490,4.52162053
57041.00833333,4.01417866,-0.56072220,4.50283097
57041.00902778,4.01651025,-0.54889552,4.48392905
57041.00972222,4.01874098,-0.53705504,4.46491448
57041.01041667,4.02087010,-0.52520099,4.44578697
57041.01111111,4.02289686,-0.51333356,4.42654623
57041.01180556,4.02482050,-0.50145296,4.40719198
57041.01250000,4.02664024,-0.48955942,4.38772391
57041.01319444,4.02835529,-0.47765315,4.36814172
57041.01388889,4.02996487,-0.46573436,4.34844511
57041.01458333,4.03146817,-0.45380329,4.32863378
57041.01527778,4.03286438,-0.44186016,4.30870742
57041.01597222,4.03415267,-0.42990520,4.28866570
57041.01666667,4.03533221,-0.41793864,4.26850832
57041.01736111,4.03640214,-0.40596073,4.24823496
57041.01805556,4.03736161,-0.39397169,4.22784530
57041.01875000,4.03820974,-0.38197179,4.20733900
57041.01944444,4.03894566,-0.36996127,4.18671573
57041.02013889,4.03956847,-0.35794038,4.16597517
57041.02083333,4.04007727,-0.34590938,4.14511698
57041.02152778,4.04047112,-0.33386853,4.12414082
57041.02222222,4.04074910,-0.32181810,4.10304634
57041.02291667,4.04091027,-0.30975836,4.08183320
57041.02361111,4.04095366,-0.29768958,4.06050104
57041.02430556,4.04087830,-0.28561204,4.03904951
57041.02500000,4.04068321,-0.27352603,4.01747825
57041.02569444,4.04036738,-0.26143184,3.99578691
57041.02638889,4.03992980,-0.24932976,3.97397510
57041.02708333,4.03936943,-0.23722009,3.95204248
57041.02777778,4.03868524,-0.22510314,3.92998866
57041.02847222,4.03787616,-0.21297922,3.90781326
57041.02916667,4.03694111,-0.20084864,3.88551591
57041.02986111,4.03587900,-0.18871173,3.86309622
57041.03055556,4.03468873,-0.17656882,3.84055381
57041.03125000,4.03336916,-0.16442024,3.81788828
57041.03194444,4.03191916,-0.15226632,3.79509924
57041.03263889,4.03033756,-0.14010743,3.77218628
57041.03333333,4.02862319,-0.12794390,3.74914901
57041.03402778,4.02677485,-0.11577611,3.72598701
57041.03472222,4.02479132,-0.10360442,3.70269989
57041.03541667,4.02267137,-0.09142920,3.67928721
57041.03611111,4.02041374,-0.07925083,3.65574857
57041.03680556,4.01801717,-0.06706972,3.63208354
57041.03750000,4.01548036,-0.05488624,3.60829169
57041.03819444,4.01280200,-0.04270082,3.58437260
57041.03888889,4.00998074,-0.03051386,3.56032583
57041.03958333,4.00701524,-0.01832579,3.53615095
57041.04027778,4.00390411,-0.00613703,3.51184750
57041.04097222,4.00064595,0.00605197,3.48741505
57041.04166667,3.99723934,0.01824076,3.46285314
57041.04236111,3.99368282,0.03042889,3.43816132
57041.04305556,3.98997492,0.04261588,3.41333914
57041.04375000,3.98611415,0.05480126,3.38838613
57041.04444444,3.98209898,0.06698453,3.36330184
57041.04513889,3.97792786,0.07916520,3.33808578
57041.04583333,3.97359921,0.09134276,3.31273748
57041.04652778,3.96911143,0.10351668,3.28725648
57041.04722222,3.96446289,0.11568643,3.26164229
57041.04791667,3.95965193,0.12785146,3.23589443
57041.04861111,3.95467685,0.14001121,3.21001241
57041.04930556,3.94953595,0.15216511,3.18399573
57041.05000000,3.94422746,0.16431258,3.15784392
57041.05069444,3.93874960,0.17645302,3.13155646
57041.05138889,3.93310056,0.18858581,3.10513286
57041.05208333,3.92727850,0.20071033,3.07857261
57041.05277778,3.92128152,0.21282594,3.05187520
57041.05347222,3.91510772,0.22493197,3.02504013
57041.05416667,3.90875514,0.23702776,2.99806688
57041.05486111,3.90222179,0.24911262,2.97095494
57041.05555556,3.89550565,0.26118583,2.94370378
57041.05625000,3.88860464,0.27324667,2.91631288
57041.05694444,3.88151667,0.28529441,2.88878172
57041.05763889,3.87423958,0.29732827,2.86110977
57041.05833333,3.86677120,0.30934749,2.83329650
57041.05902778,3.85910928,0.32135125,2.80534139
57041.05972222,3.85125156,0.33333873,2.77724389
57041.06041667,3.84319571,0.34530910,2.74900348
57041.06111111,3.83493937,0.35726149,2.72061961
57041.06180556,3.82648013,0.36919500,2.69209175
57041.06250000,3.81781552,0.38110873,2.66341936
57041.06319444,3.80894302,0.39300175,2.63460191
57041.06388889,3.79986008,0.40487308,2.60563884
57041.06458333,3.79056406,0.41672175,2.57652963
57041.06527778,3.78105231,0.42854674,2.54727373
57041.06597222,3.77132209,0.44034700,2.51787060
57041.06666667,3.76137060,0.45212146,2.48831971
57041.06736111,3.75119501,0.46386902,2.45862052
57041.06805556,3.74079240,0.47558855,2.42877249
57041.06875000,3.73015980,0.48727888,2.39877509
57041.06944444,3.71929417,0.49893881,2.36862780
57041.07013889,3.70819241,0.51056710,2.33833008
57041.07083333,3.69685134,0.52216248,2.30788141
57041.07152778,3.68526772,0.53372364,2.27728128
57041.07222222,3.67343822,0.54524924,2.24652917
57041.07291667,3.66135946,0.55673788,2.21562457
57041.07361111,3.64902796,0.56818814,2.18456699
57041.07430556,3.63644016,0.57959853,2.15335593
57041.07500000,3.62359244,0.59096754,2.12199090
57041.07569444,3.61048106,0.60229360,2.09047144
57041.07638889,3.59710222,0.61357509,2.05879707
57041.07708333,3.58345203,0.62481035,2.02696735
57041.07777778,3.56952647,0.63599764,1.99498183
57041.07847222,3.55532147,0.64713519,1.96284008
57041.07916667,3.54083283,0.65822116,1.93054170
57041.07986111,3.52605625,0.66925366,1.89808628
57041.08055556,3.51098733,0.68023073,1.86547345
57041.08125000,3.49562155,0.69115034,1.83270286
57041.08194444,3.47995429,0.70201039,1.79977415
57041.08263889,3.46398081,0.71280873,1.76668703
57041.08333333,3.44769623,0.72354310,1.73344120
57041.08402778,3.43109556,0.73421120,1.70003640
57041.08472222,3.41417368,0.74481063,1.66647240
57041.08541667,3.39692532,0.75533889,1.63274900
57041.08611111,3.37934509,0.76579342,1.59886605
57041.08680556,3.36142743,0.77617155,1.56482340
57041.08750000,3.34316666,0.78647051,1.53062098
57041.08819444,3.32455693,0.79668745,1.49625875
57041.08888889,3.30559222,0.80681939,1.46173672
57041.08958333,3.28626635,0.81686325,1.42705494
57041.09027778,3.26657297,0.82681582,1.39221352
57041.09097222,3.24650557,0.83667379,1.35721265
57041.09166667,3.22605741,0.84643371,1.32205256
57041.09236111,3.20522159,0.85609198,1.28673356
57041.09305556,3.18399101,0.86564489,1.25125604
57041.09375000,3.16235835,0.87508857,1.21562047
57041.09444444,3.14031609,0.88441897,1.17982740
57041.09513889,3.11785647,0.89363191,1.14387749
57041.09583333,3.09497151,0.90272301,1.10777149
57041.09652778,3.07165299,0.91168774,1.07151026
57041.09722222,3.04789244,0.92052135,1.03509479
57041.09791667,3.02368114,0.92921891,0.99852620
57041.09861111,2.99901008,0.93777526,0.96180574
57041.09930556,2.97386999,0.94618504,0.92493482
57041.10000000,2.94825131,0.95444263,0.88791501
57041.10069444,2.92214418,0.96254218,0.85074805
57041.10138889,2.89553842,0.97047757,0.81343588
57041.10208333,2.86842354,0.97824242,0.77598065
57041.10277778,2.84078871,0.98583003,0.73838473
57041.10347222,2.81262275,0.99323342,0.70065071
57041.10416667,2.78391412,1.00044527,0.66278148
57041.10486111,2.75465091,1.00745792,0.62478018
57041.10555556,2.72482082,1.01426334,0.58665028
57041.10625000,2.69441116,1.02085312,0.54839557
57041.10694444,2.66340880,1.02721844,0.51002019
57041.10763889,2.63180019,1.03335004,0.47152870
57041.10833333,2.59957136,1.03923821,0.43292607
57041.10902778,2.56670785,1.04487276,0.39421772
57041.10972222,2.53319473,1.05024296,0.35540958
57041.11041667,2.49901660,1.05533755,0.31650812
57041.11111111,2.46415754,1.06014468,0.27752042
57041.11180556,2.42860111,1.06465189,0.23845418
57041.11250000,2.39233036,1.06884606,0.19931780
57041.11319444,2.35532778,1.07271335,0.16012046
57041.11388889,2.31757532,1.07623921,0.12087216
57041.11458333,2.27905435,1.07940829,0.08158380
57041.11527778,2.23974569,1.08220439,0.04226728
57041.11597222,2.19962958,1.08461044,0.00293557
57041.11666667,2.15868568,1.08660840,-0.03639719
57041.11736111,2.11689307,1.08817923,-0.07571556
57041.11805556,2.07423030,1.08930283,-0.11500273
57041.11875000,2.03067533,1.08995796,-0.15424032
57041.11944444,1.98620562,1.09012216,-0.19340831
57041.12013889,1.94079812,1.08977170,-0.23248484
57041.12083333,1.89442933,1.08888152,-0.27144604
57041.12152778,1.84707533,1.08742508,-0.31026586
57041.12222222,1.79871189,1.08537436,-0.34891589
57041.12291667,1.74931451,1.08269975,-0.38736507
57041.12361111,1.69885858,1.07936993,-0.42557952
57041.12430556,1.64731946,1.07535186,-0.46352225
57041.12500000,1.59467268,1.07061064,-0.50115288
57041.12569444,1.54089413,1.06510946,-0.53842731
57041.12638889,1.48596027,1.05880955,-0.57529748
57041.12708333,1.42984848,1.05167010,-0.61171093
57041.12777778,1.37253732,1.04364825,-0.64761049
57041.12847222,1.31400700,1.03469904,-0.68293391
57041.12916667,1.25423978,1.02477547,-0.71761345
57041.12986111,1.19322060,1.01382850,-0.75157547
57041.13055556,1.13093766,1.00180719,-0.78474010
57041.13125000,1.06738318,0.98865882,-0.81702083
57041.13194444,1.00255421,0.97432913,-0.84832416
57041.13263889,0.93645365,0.95876265,-0.87854937
57041.13333333,0.86909123,0.94190307,-0.90758826
57041.13402778,0.80048475,0.92369381,-0.93532511
57041.13472222,0.73066136,0.90407868,-0.96163672
57041.13541667,0.65965891,0.88300268,-0.98639264
57041.13611111,0.58752739,0.86041302,-1.00945571
57041.13680556,0.51433039,0.83626024,-1.03068282
57041.13750000,0.44014653,0.81049962,-1.04992604
57041.13819444,0.36507074,0.78309261,-1.06703418
57041.13888889,0.28921537,0.75400852,-1.08185471
57041.13958333,0.21271095,0.72322627,-1.09423620
57041.14027778,0.13570658,0.69073614,-1.10403114
57041.14097222,0.05836967,0.65654155,-1.11109924
57041.14166667,-0.01911494,0.62066059,-1.11531095
57041.14236111,-0.09654660,0.58312735,-1.11655126
57041.14305556,-0.17371137,0.54399282,-1.11472342
57041.14375000,-0.25038522,0.50332528,-1.10975250
57041.14444444,-0.32633805,0.46121012,-1.10158850
57041.14513889,-0.40133822,0.41774890,-1.09020876
57041.14583333,-0.47515746,0.37305785,-1.07561954
57041.14652778,-0.54757583,0.32726573,-1.05785648
57041.14722222,-0.61838648,0.28051107,-1.03698405
57041.14791667,-0.68739993,0.23293921,-1.01309390
57041.14861111,-0.75444753,0.18469908,-0.98630226
57041.14930556,-0.81938413,0.13593994,-0.95674650
57041.15000000,-0.88208967,0.08680845,-0.92458129
57041.15069444,-0.94246974,0.03744596,-0.88997434
57041.15138889,-1.00045532,-0.01201374,-0.85310217
57041.15208333,-1.05600164,-0.06144608,-0.81414615
57041.15277778,-1.10908640,-0.11073698,-0.77328875
57041.15347222,-1.15970765,-0.15978356,-0.73071041
57041.15416667,-1.20788127,-0.20849438,-0.68658686
57041.15486111,-1.25363842,-0.25678941,-0.64108702
57041.15555556,-1.29702304,-0.30459963,-0.59437150
57041.15625000,-1.33808938,-0.35186643,-0.54659145
57041.15694444,-1.37689974,-0.39854089,-0.49788796
57041.15763889,-1.41352251,-0.44458290,-0.44839178
57041.15833333,-1.44803039,-0.48996039,-0.39822327
57041.15902778,-1.48049882,-0.53464834,-0.34749264
57041.15972222,-1.51100480,-0.57862805,-0.29630032
57041.16041667,-1.53962572,-0.62188627,-0.24473741
57041.16111111,-1.56643859,-0.66441448,-0.19288630
57041.16180556,-1.59151933,-0.70620824,-0.14082124
57041.16250000,-1.61494224,-0.74726655,-0.08860893
57041.16319444,-1.63677961,-0.78759133,-0.03630915
57041.16388889,-1.65710143,-0.82718695,0.01602463
57041.16458333,-1.67597516,-0.86605979,0.06834473
57041.16527778,-1.69346567,-0.90421788,0.12060867
57041.16597222,-1.70963510,-0.94167059,0.17277872
57041.16666667,-1.72454289,-0.97842836,0.22482142
57041.16736111,-1.73824575,-1.01450248,0.27670714
57041.16805556,-1.75079774,-1.04990487,0.32840974
57041.16875000,-1.76225033,-1.08464791,0.37990615
57041.16944444,-1.77265246,-1.11874433,0.43117612
57041.17013889,-1.78205062,-1.15220704,0.48220187
57041.17083333,-1.79048898,-1.18504910,0.53296789
57041.17152778,-1.79800948,-1.21728356,0.58346064
57041.17222222,-1.80465192,-1.24892346,0.63366840
57041.17291667,-1.81045407,-1.27998172,0.68358103
57041.17361111,-1.81545177,-1.31047113,0.73318983
57041.17430556,-1.81967903,-1.34040429,0.78248739
57041.17500000,-1.82316815,-1.36979361,0.83146742
57041.17569444,-1.82594975,-1.39865124,0.88012469
57041.17638889,-1.82805294,-1.42698910,0.92845483
57041.17708333,-1.82950535,-1.45481885,0.97645433
57041.17777778,-1.83033324,-1.48215185,1.02412037
57041.17847222,-1.83056153,-1.50899922,1.07145079
57041.17916667,-1.83021397,-1.53537176,1.11844402
57041.17986111,-1.82931309,-1.56128001,1.16509899
57041.18055556,-1.82788035,-1.58673423,1.21141507
57041.18125000,-1.82593618,-1.61174437,1.25739207
57041.18194444,-1.82350003,-1.63632014,1.30303013
57041.18263889,-1.82059043,-1.66047094,1.34832973
57041.18333333,-1.81722503,-1.68420592,1.39329162
57041.18402778,-1.81342067,-1.70753397,1.43791681
57041.18472222,-1.80919341,-1.73046371,1.48220652
57041.18541667,-1.80455857,-1.75300351,1.52616219
57041.18611111,-1.79953081,-1.77516151,1.56978539
57041.18680556,-1.79412409,-1.79694558,1.61307787
57041.18750000,-1.78835178,-1.81836340,1.65604151
57041.18819444,-1.78222665,-1.83942238,1.69867830
57041.18888889,-1.77576093,-1.86012974,1.74099031
57041.18958333,-1.76896631,-1.88049249,1.78297972
57041.19027778,-1.76185399,-1.90051742,1.82464876
57041.19097222,-1.75443470,-1.92021112,1.86599976
57041.19166667,-1.74671872,-1.93958002,1.90703504
57041.19236111,-1.73871589,-1.95863032,1.94775703
57041.19305556,-1.73043569,-1.97736807,1.98816813
57041.19375000,-1.72188717,-1.99579913,2.02827082
57041.19444444,-1.71307904,-2.01392921,2.06806757
57041.19513889,-1.70401967,-2.03176385,2.10756088
57041.19583333,-1.69471709,-2.04930842,2.14675323
57041.19652778,-1.68517902,-2.06656816,2.18564715
57041.19722222,-1.67541289,-2.08354815,2.22424514
57041.19791667,-1.66542585,-2.10025333,2.26254971
57041.19861111,-1.65522476,-2.11668851,2.30056336
57041.19930556,-1.64481624,-2.13285837,2.33828857
57041.20000000,-1.63420667,-2.14876745,2.37572782
57041.20069444,-1.62340219,-2.16442018,2.41288359
57041.20138889,-1.61240872,-2.17982086,2.44975832
57041.20208333,-1.60123195,-2.19497369,2.48635443
57041.20277778,-1.58987740,-2.20988274,2.52267435
57041.20347222,-1.57835036,-2.22455199,2.55872047
57041.20416667,-1.56665598,-2.23898531,2.59449515
57041.20486111,-1.55479919,-2.25318647,2.63000074
57041.20555556,-1.54278477,-2.26715914,2.66523956
57041.20625000,-1.53061734,-2.28090689,2.70021392
57041.20694444,-1.51830136,-2.29443322,2.73492609
57041.20763889,-1.50584114,-2.30774153,2.76937831
57041.20833333,-1.49324086,-2.32083513,2.80357282
57041.20902778,-1.48050455,-2.33371725,2.83751179
57041.20972222,-1.46763611,-2.34639105,2.87119742
57041.21041667,-1.45463933,-2.35885961,2.90463182
57041.21111111,-1.44151786,-2.37112593,2.93781713
57041.21180556,-1.42827526,-2.38319294,2.97075543
57041.21250000,-1.41491495,-2.39506350,3.00344878
57041.21319444,-1.40144026,-2.40674040,3.03589922
57041.21388889,-1.38785443,-2.41822638,3.06810875
57041.21458333,-1.37416057,-2.42952409,3.10007935
57041.21527778,-1.36036173,-2.44063613,3.13181298
57041.21597222,-1.34646084,-2.45156506,3.16331156
57041.21666667,-1.33246077,-2.46231335,3.19457700
57041.21736111,-1.31836429,-2.47288343,3.22561117
57041.21805556,-1.30417409,-2.48327768,3.25641591
57041.21875000,-1.28989278,-2.49349841,3.28699305
57041.21944444,-1.27552292,-2.50354791,3.31734438
57041.22013889,-1.26106696,-2.51342838,3.34747169
57041.22083333,-1.24652731,-2.52314200,3.37737670
57041.22152778,-1.23190629,-2.53269090,3.40706115
57041.22222222,-1.21720619,-2.54207715,3.43652674
57041.22291667,-1.20242919,-2.55130279,3.46577512
57041.22361111,-1.18757746,-2.56036980,3.49480797
57041.22430556,-1.17265308,-2.56928015,3.52362689
57041.22500000,-1.15765808,-2.57803574,3.55223350
57041.22569444,-1.14259444,-2.58663844,3.58062937
57041.22638889,-1.12746409,-2.59509008,3.60881606
57041.22708333,-1.11226891,-2.60339245,3.63679511
57041.22777778,-1.09701072,-2.61154732,3.66456802
57041.22847222,-1.08169131,-2.61955640,3.69213630
57041.22916667,-1.06631242,-2.62742139,3.71950140
57041.22986111,-1.05087572,-2.63514393,3.74666478
57041.23055556,-1.03538289,-2.64272566,3.77362788
57041.23125000,-1.01983552,-2.65016816,3.80039209
57041.23194444,-1.00423518,-2.65747299,3.82695880
57041.23263889,-0.98858341,-2.66464168,3.85332939
57041.23333333,-0.97288170,-2.67167573,3.87950520
57041.23402778,-0.95713152,-2.67857661,3.90548756
57041.23472222,-0.94133427,-2.68534577,3.93127779
57041.23541667,-0.92549136,-2.69198462,3.95687718
57041.23611111,-0.90960414,-2.69849455,3.98228700
57041.23680556,-0.89367393,-2.70487694,4.00750850
57041.23750000,-0.87770204,-2.71113311,4.03254294
57041.23819444,-0.86168972,-2.71726438,4.05739153
57041.23888889,-0.84563821,-2.72327205,4.08205548
57041.23958333,-0.82954873,-2.72915739,4.10653596
57041.24027778,-0.81342245,-2.73492163,4.13083417
57041.24097222,-0.79726052,-2.74056600,4.15495125
57041.24166667,-0.78106409,-2.74609171,4.17888834
57041.24236111,-0.76483424,-2.75149993,4.20264656
57041.24305556,-0.74857208,-2.75679183,4.22622703
57041.24375000,-0.73227864,-2.76196854,4.24963084
57041.24444444,-0.71595497,-2.76703119,4.27285906
57041.24513889,-0.69960207,-2.77198087,4.29591277
57041.24583333,-0.68322095,-2.77681867,4.31879300
57041.24652778,-0.66681257,-2.78154565,4.34150079
57041.24722222,-0.65037789,-2.78616286,4.36403718
57041.24791667,-0.63391782,-2.79067133,4.38640315
57041.24861111,-0.61743330,-2.79507207,4.40859972
57041.24930556,-0.60092520,-2.79936608,4.43062785
57041.25000000,-0.58439441,-2.80355433,4.45248851
