# File: ../../samples/ephem_mean_elem.dat
#
# Ephemeris generated from specified elements
# Propagator: SGP4 (improved,WGS72old)
#
# Time format:              Modified Julian Date
# Coordinate system:        GEI (Geocentric Equatorial Inertial) Cartesian in km
# Data Delimiter:           space
#
# datetime(mjd),posx(km),posy(km),posz(km)
57652.00000000 -11492.081004 -4702.365309 -1345.860876
57652.00069444 -11422.182903 -4944.783712 -1157.117205
57652.00138889 -11343.889154 -5183.567472 -967.521759
57652.00208333 -11257.275871 -5418.549577 -777.215674
57652.00277778 -11162.422460 -5649.565352 -586.339816
57652.00347222 -11059.411592 -5876.452413 -395.034797
57652.00416667 -10948.329184 -6099.050626 -203.440995
57652.00486111 -10829.264401 -6317.202056 -11.698588
57652.00555556 -10702.309644 -6530.750929 180.052422
57652.00625000 -10567.560559 -6739.543599 371.672187
57652.00694444 -10425.116044 -6943.428516 563.020987
57652.00763889 -10275.078272 -7142.256188 753.959202
57652.00833333 -10117.552708 -7335.879164 944.347282
57652.00902778 -9952.648136 -7524.152011 1134.045736
57652.00972222 -9780.476702 -7706.931292 1322.915090
57652.01041667 -9601.153946 -7884.075557 1510.815873
57652.01111111 -9414.798848 -8055.445337 1697.608596
57652.01180556 -9221.533883 -8220.903134 1883.153720
57652.01250000 -9021.485077 -8380.313423 2067.311644
57652.01319444 -8814.782063 -8533.542670 2249.942685
57652.01388889 -8601.558156 -8680.459328 2430.907055
57652.01458333 -8381.950422 -8820.933860 2610.064845
57652.01527778 -8156.099748 -8954.838772 2787.276020
57652.01597222 -7924.150936 -9082.048629 2962.400397
57652.01666667 -7686.252782 -9202.440098 3135.297639
57652.01736111 -7442.558173 -9315.891991 3305.827247
57652.01805556 -7193.224171 -9422.285316 3473.848565
57652.01875000 -6938.412128 -9521.503328 3639.220765
57652.01944444 -6678.287787 -9613.431599 3801.802856
57652.02013889 -6413.021378 -9697.958093 3961.453698
57652.02083333 -6142.787749 -9774.973242 4118.032001
57652.02152778 -5867.766472 -9844.370038 4271.396345
57652.02222222 -5588.141959 -9906.044136 4421.405204
57652.02291667 -5304.103596 -9959.893955 4567.916964
57652.02361111 -5015.845860 -10005.820804 4710.789955
57652.02430556 -4723.568445 -10043.729010 4849.882495
57652.02500000 -4427.476402 -10073.526052 4985.052922
57652.02569444 -4127.780264 -10095.122720 5116.159650
57652.02638889 -3824.696171 -10108.433273 5243.061228
57652.02708333 -3518.446022 -10113.375617 5365.616398
57652.02777778 -3209.257595 -10109.871492 5483.684177
57652.02847222 -2897.364686 -10097.846670 5597.123933
57652.02916667 -2583.007227 -10077.231175 5705.795481
57652.02986111 -2266.431436 -10047.959509 5809.559183
57652.03055556 -1947.889936 -10009.970894 5908.276063
57652.03125000 -1627.641861 -9963.209531 6001.807933
57652.03194444 -1305.952997 -9907.624877 6090.017525
57652.03263889 -983.095884 -9843.171930 6172.768647
57652.03333333 -659.349906 -9769.811533 6249.926345
57652.03402778 -335.001407 -9687.510704 6321.357079
57652.03472222 -10.343762 -9596.242966 6386.928917
57652.03541667 314.322558 -9495.988704 6446.511748
57652.03611111 638.689913 -9386.735543 6499.977505
57652.03680556 962.443461 -9268.478729 6547.200408
57652.03750000 1285.261136 -9141.221541 6588.057229
57652.03819444 1606.813652 -9004.975707 6622.427572
57652.03888889 1926.764506 -8859.761850 6650.194168
57652.03958333 2244.770035 -8705.609936 6671.243207
57652.04027778 2560.479499 -8542.559743 6685.464667
57652.04097222 2873.535165 -8370.661348 6692.752686
57652.04166667 3183.572456 -8189.975619 6693.005943
57652.04236111 3490.220141 -8000.574716 6686.128064
57652.04305556 3793.100528 -7802.542621 6672.028052
57652.04375000 4091.829735 -7595.975649 6650.620736
57652.04444444 4386.018010 -7380.982974 6621.827245
57652.04513889 4675.270070 -7157.687174 6585.575500
57652.04583333 4959.185524 -6926.224751 6541.800732
57652.04652778 5237.359356 -6686.746650 6490.446011
57652.04722222 5509.382437 -6439.418792 6431.462802
57652.04791667 5774.842140 -6184.422568 6364.811535
57652.04861111 6033.322996 -5921.955330 6290.462187
57652.04930556 6284.407451 -5652.230846 6208.394881
57652.05000000 6527.676655 -5375.479754 6118.600493
57652.05069444 6762.711363 -5091.949950 6021.081263
57652.05138889 6989.092907 -4801.906943 5915.851412
57652.05208333 7206.404232 -4505.634181 5802.937758
57652.05277778 7414.231022 -4203.433300 5682.380324
57652.05347222 7612.162921 -3895.624304 5554.232932
57652.05416667 7799.794799 -3582.545707 5418.563786
57652.05486111 7976.728122 -3264.554560 5275.456030
57652.05555556 8142.572388 -2942.026398 5125.008267
57652.05625000 8296.946625 -2615.355115 4967.335055
57652.05694444 8439.480956 -2284.952709 4802.567352
57652.05763889 8569.818226 -1951.248910 4630.852899
57652.05833333 8687.615664 -1614.690733 4452.356563
57652.05902778 8792.546592 -1275.741854 4267.260591
57652.05972222 8884.302153 -934.881898 4075.764805
57652.06041667 8962.593060 -592.605554 3878.086691
57652.06111111 9027.151329 -249.421599 3674.461424
57652.06180556 9077.732010 94.148248 3465.141772
57652.06250000 9114.114875 437.570616 3250.397897
57652.06319444 9136.106054 780.301872 3030.517062
57652.06388889 9143.539604 1121.789671 2805.803205
57652.06458333 9136.278988 1461.474638 2576.576396
57652.06527778 9114.218443 1798.792132 2343.172185
57652.06597222 9077.284223 2133.174150 2105.940826
57652.06666667 9025.435696 2464.051322 1865.246362
57652.06736111 8958.666280 2790.854960 1621.465628
57652.06805556 8877.004197 3113.019200 1374.987113
57652.06875000 8780.513035 3429.983168 1126.209735
57652.06944444 8669.292107 3741.193200 875.541496
57652.07013889 8543.476595 4046.105023 623.398087
57652.07083333 8403.237469 4344.185955 370.201386
57652.07152778 8248.781179 4634.917068 116.377896
57652.07222222 8080.349130 4917.795257 -137.642838
57652.07291667 7898.216923 5192.335261 -391.429876
57652.07361111 7702.693372 5458.071580 -644.552543
57652.07430556 7494.119332 5714.560243 -896.582063
57652.07500000 7272.866303 5961.380466 -1147.093209
57652.07569444 7039.334862 6198.136156 -1395.665919
57652.07638889 6793.952929 6424.457222 -1641.886841
57652.07708333 6537.173883 6640.000733 -1885.350839
57652.07777778 6269.474539 6844.451890 -2125.662432
57652.07847222 5991.353039 7037.524784 -2362.437119
57652.07916667 5703.326644 7218.962988 -2595.302628
57652.07986111 5405.929477 7388.539937 -2823.900055
57652.08055556 5099.710210 7546.059133 -3047.884895
57652.08125000 4785.229771 7691.354145 -3266.927939
57652.08194444 4463.059032 7824.288452 -3480.716061
57652.08263889 4133.776522 7944.755108 -3688.952894
57652.08333333 3797.966216 8052.676244 -3891.359349
57652.08402778 3456.215371 8148.002440 -4087.674044
57652.08472222 3109.112427 8230.711960 -4277.653610
57652.08541667 2757.245040 8300.809862 -4461.072857
57652.08611111 2401.198194 8358.327020 -4637.724862
57652.08680556 2041.552423 8403.319052 -4807.420944
57652.08750000 1678.882180 8435.865176 -4969.990533
57652.08819444 1313.754316 8456.067010 -5125.280964
57652.08888889 946.726675 8464.047330 -5273.157195
57652.08958333 578.346861 8459.948793 -5413.501431
57652.09027778 209.151094 8443.932649 -5546.212715
57652.09097222 -160.336773 8416.177440 -5671.206441
57652.09166667 -529.606149 8376.877707 -5788.413835
57652.09236111 -898.160423 8326.242710 -5897.781388
57652.09305556 -1265.517608 8264.495170 -5999.270262
57652.09375000 -1631.210871 8191.870039 -6092.855678
57652.09444444 -1994.788926 8108.613306 -6178.526269
57652.09513889 -2355.816357 8014.980847 -6256.283444
57652.09583333 -2713.873850 7911.237312 -6326.140732
57652.09652778 -3068.558315 7797.655069 -6388.123124
57652.09722222 -3419.482950 7674.513198 -6442.266429
57652.09791667 -3766.277245 7542.096522 -6488.616632
57652.09861111 -4108.586883 7400.694722 -6527.229257
57652.09930556 -4446.073629 7250.601477 -6558.168757
57652.10000000 -4778.415134 7092.113676 -6581.507908
57652.10069444 -5105.304727 6925.530668 -6597.327233
57652.10138889 -5426.451128 6751.153589 -6605.714435
57652.10208333 -5741.578161 6569.284719 -6606.763860
57652.10277778 -6050.424441 6380.226890 -6600.575976
57652.10347222 -6352.743001 6184.282958 -6587.256886
57652.10416667 -6648.300939 5981.755312 -6566.917850
57652.10486111 -6936.879042 5772.945416 -6539.674841
57652.10555556 -7218.271376 5558.153417 -6505.648122
57652.10625000 -7492.284895 5337.677777 -6464.961849
57652.10694444 -7758.739042 5111.814937 -6417.743691
57652.10763889 -8017.465326 4880.859041 -6364.124480
57652.10833333 -8268.306921 4645.101670 -6304.237879
57652.10902778 -8511.118271 4404.831609 -6238.220071
57652.10972222 -8745.764670 4160.334661 -6166.209477
57652.11041667 -8972.121878 3911.893472 -6088.346481
57652.11111111 -9190.075729 3659.787384 -6004.773186
57652.11180556 -9399.521757 3404.292306 -5915.633181
57652.11250000 -9600.364813 3145.680628 -5821.071331
57652.11319444 -9792.518710 2884.221127 -5721.233583
57652.11388889 -9975.905881 2620.178900 -5616.266779
57652.11458333 -10150.457023 2353.815331 -5506.318503
57652.11527778 -10316.110776 2085.388044 -5391.536925
57652.11597222 -10472.813418 1815.150885 -5272.070661
57652.11666667 -10620.518545 1543.353922 -5148.068657
57652.11736111 -10759.186784 1270.243445 -5019.680078
57652.11805556 -10888.785524 996.061967 -4887.054198
57652.11875000 -11009.288637 721.048268 -4750.340322
57652.11944444 -11120.676226 445.437410 -4609.687701
57652.12013889 -11222.934390 169.460766 -4465.245458
57652.12083333 -11316.054983 -106.653918 -4317.162536
57652.12152778 -11400.035403 -382.682488 -4165.587636
57652.12222222 -11474.878382 -658.404328 -4010.669178
57652.12291667 -11540.591794 -933.602311 -3852.555250
57652.12361111 -11597.188465 -1208.062728 -3691.393590
57652.12430556 -11644.686004 -1481.575232 -3527.331552
57652.12500000 -11683.106642 -1753.932782 -3360.516079
57652.12569444 -11712.477073 -2024.931568 -3191.093700
57652.12638889 -11732.828322 -2294.370945 -3019.210512
57652.12708333 -11744.195606 -2562.053379 -2845.012166
57652.12777778 -11746.618212 -2827.784365 -2668.643878
57652.12847222 -11740.139388 -3091.372365 -2490.250422
57652.12916667 -11724.806238 -3352.628749 -2309.976130
57652.12986111 -11700.669625 -3611.367717 -2127.964910
57652.13055556 -11667.784087 -3867.406239 -1944.360245
57652.13125000 -11626.207762 -4120.563990 -1759.305214
57652.13194444 -11576.002310 -4370.663297 -1572.942498
57652.13263889 -11517.232863 -4617.529061 -1385.414404
57652.13333333 -11449.967962 -4860.988705 -1196.862883
57652.13402778 -11374.279516 -5100.872128 -1007.429541
57652.13472222 -11290.242760 -5337.011632 -817.255673
57652.13541667 -11197.936230 -5569.241879 -626.482278
57652.13611111 -11097.441727 -5797.399847 -435.250080
57652.13680556 -10988.844312 -6021.324767 -243.699561
57652.13750000 -10872.232287 -6240.858092 -51.970981
57652.13819444 -10747.697190 -6455.843456 139.795601
57652.13888889 -10615.333806 -6666.126627 331.460293
57652.13958333 -10475.240166 -6871.555477 522.883345
57652.14027778 -10327.517563 -7071.979959 713.925134
57652.14097222 -10172.270576 -7267.252067 904.446124
57652.14166667 -10009.607096 -7457.225824 1094.306847
57652.14236111 -9839.638357 -7641.757253 1283.367879
57652.14305556 -9662.478969 -7820.704375 1471.489819
57652.14375000 -9478.246971 -7993.927189 1658.533256
57652.14444444 -9287.063879 -8161.287666 1844.358752
57652.14513889 -9089.054726 -8322.649761 2028.826827
57652.14583333 -8884.348145 -8477.879400 2211.797928
57652.14652778 -8673.076416 -8626.844502 2393.132413
57652.14722222 -8455.375541 -8769.414996 2572.690547
57652.14791667 -8231.385325 -8905.462832 2750.332470
57652.14861111 -8001.249451 -9034.862016 2925.918191
57652.14930556 -7765.115561 -9157.488645 3099.307585
57652.15000000 -7523.135357 -9273.220942 3270.360376
57652.15069444 -7275.464688 -9381.939304 3438.936132
57652.15138889 -7022.263643 -9483.526366 3604.894277
57652.15208333 -6763.696668 -9577.867047 3768.094073
57652.15277778 -6499.932664 -9664.848634 3928.394639
57652.15347222 -6231.145103 -9744.360854 4085.654957
57652.15416667 -5957.512130 -9816.295961 4239.733888
57652.15486111 -5679.216701 -9880.548834 4390.490184
57652.15555556 -5396.446693 -9937.017080 4537.782516
57652.15625000 -5109.395022 -9985.601151 4681.469507
57652.15694444 -4818.259788 -10026.204467 4821.409756
57652.15763889 -4523.244390 -10058.733556 4957.461888
57652.15833333 -4224.557658 -10083.098196 5089.484602
57652.15902778 -3922.413991 -10099.211577 5217.336718
57652.15972222 -3617.033492 -10106.990470 5340.877245
57652.16041667 -3308.642086 -10106.355414 5459.965457
57652.16111111 -2997.471672 -10097.230904 5574.460960
57652.16180556 -2683.760245 -10079.545611 5684.223792
57652.16250000 -2367.752030 -10053.232597 5789.114519
57652.16319444 -2049.697598 -10018.229556 5888.994343
57652.16388889 -1729.854005 -9974.479067 5983.725225
57652.16458333 -1408.484908 -9921.928864 6073.170018
57652.16527778 -1085.860661 -9860.532111 6157.192612
57652.16597222 -762.258444 -9790.247713 6235.658095
57652.16666667 -437.962351 -9711.040624 6308.432922
57652.16736111 -113.263462 -9622.882179 6375.385111
57652.16805556 211.540055 -9525.750448 6436.384442
57652.16875000 536.142896 -9419.630600 6491.302675
57652.16944444 860.232584 -9304.515279 6540.013796
57652.17013889 1183.489419 -9180.405013 6582.394266
57652.17083333 1505.586482 -9047.308629 6618.323295
57652.17152778 1826.189650 -8905.243673 6647.683144
57652.17222222 2144.957622 -8754.236875 6670.359427
57652.17291667 2461.541988 -8594.324603 6686.241456
57652.17361111 2775.587325 -8425.553339 6695.222589
57652.17430556 3086.731331 -8247.980172 6697.200611
57652.17500000 3394.604970 -8061.673301 6692.078130
57652.17569444 3698.832689 -7866.712546 6679.763003
57652.17638889 3999.032664 -7663.189865 6660.168771
57652.17708333 4294.817085 -7451.209885 6633.215129
57652.17777778 4585.792493 -7230.890432 6598.828412
57652.17847222 4871.560198 -7002.363052 6556.942098
57652.17916667 5151.716699 -6765.773549 6507.497340
57652.17986111 5425.854218 -6521.282502 6450.443507
57652.18055556 5693.561274 -6269.065763 6385.738749
57652.18125000 5954.423315 -6009.314968 6313.350578
57652.18194444 6208.023440 -5742.237999 6233.256458
57652.18263889 6453.943190 -5468.059426 6145.444402
57652.18333333 6691.763399 -5187.020931 6049.913594
57652.18402778 6921.065141 -4899.381677 5946.674992
57652.18472222 7141.430746 -4605.418639 5835.751949
57652.18541667 7352.444905 -4305.426870 5717.180815
57652.18611111 7553.695838 -3999.719730 5591.011546
57652.18680556 7744.776558 -3688.629027 5457.308283
57652.18750000 7925.286209 -3372.505077 5316.149911
57652.18819444 8094.831466 -3051.716704 5167.630604
57652.18888889 8253.028020 -2726.651126 5011.860320
57652.18958333 8399.502124 -2397.713734 4848.965252
57652.19027778 8533.892193 -2065.327796 4679.088251
57652.19097222 8655.850454 -1729.934014 4502.389167
57652.19166667 8765.044647 -1391.989958 4319.045131
57652.19236111 8861.159744 -1051.969404 4129.250776
57652.19305556 8943.899687 -710.361506 3933.218357
57652.19375000 9012.989136 -367.669854 3731.177797
57652.19444444 9068.175202 -24.411367 3523.376620
57652.19513889 9109.229147 318.884905 3310.079806
57652.19583333 9135.948042 661.679161 3091.569511
57652.19652778 9148.156364 1003.422352 2868.144683
57652.19722222 9145.707507 1343.557781 2640.120574
57652.19791667 9128.485186 1681.522865 2407.828108
57652.19861111 9096.404735 2016.750991 2171.613141
57652.19930556 9049.414249 2348.673457 1931.835611
57652.20000000 8987.495582 2676.721516 1688.868550
57652.20069444 8910.665162 3000.328494 1443.096991
57652.20138889 8818.974625 3318.931934 1194.916778
57652.20208333 8712.511246 3631.975792 944.733264
57652.20277778 8591.398152 3938.912659 692.959913
57652.20347222 8455.794328 4239.205930 440.016844
57652.20416667 8305.894385 4532.331987 186.329293
57652.20486111 8141.928109 4817.782307 -67.673976
57652.20555556 7964.159776 5095.065508 -321.562307
57652.20625000 7772.887260 5363.709281 -574.904779
57652.20694444 7568.440917 5623.262231 -827.271875
57652.20763889 7351.182256 5873.295576 -1078.237133
57652.20833333 7121.502443 6113.404689 -1327.378750
57652.20902778 6879.820620 6343.210488 -1574.281166
57652.20972222 6626.582049 6562.360661 -1818.536598
57652.21041667 6362.256164 6770.530675 -2059.746474
57652.21111111 6087.334471 6967.424635 -2297.522811
57652.21180556 5802.328363 7152.775926 -2531.489499
57652.21250000 5507.766894 7326.347665 -2761.283459
57652.21319444 5204.194475 7487.932967 -2986.555714
57652.21388889 4892.168559 7637.355024 -3206.972341
57652.21458333 4572.257341 7774.466993 -3422.215282
57652.21527778 4245.037465 7899.151730 -3631.983058
57652.21597222 3911.091773 8011.321343 -3835.991338
57652.21666667 3571.007112 8110.916618 -4033.973409
57652.21736111 3225.372232 8197.906288 -4225.680496
57652.21805556 2874.775762 8272.286196 -4410.881992
57652.21875000 2519.804269 8334.078345 -4589.365568
57652.21944444 2161.040479 8383.329853 -4760.937173
57652.22013889 1799.061567 8420.111840 -4925.420941
57652.22083333 1434.437590 8444.518241 -5082.659014
57652.22152778 1067.730069 8456.664582 -5232.511266
57652.22222222 699.490675 8456.686712 -5374.854972
57652.22291667 330.260044 8444.739518 -5509.584398
57652.22361111 -39.433240 8420.995629 -5636.610340
57652.22430556 -409.073578 8385.644118 -5755.859610
57652.22500000 -778.159135 8338.889220 -5867.274483
57652.22569444 -1146.202531 8280.949060 -5970.812114
57652.22638889 -1512.731371 8212.054418 -6066.443923
57652.22708333 -1877.288707 8132.447522 -6154.154960
57652.22777778 -2239.433400 8042.380877 -6233.943264
57652.22847222 -2598.740347 7942.116144 -6305.819209
57652.22916667 -2954.800661 7831.923064 -6369.804845
57652.22986111 -3307.221765 7712.078427 -6425.933251
57652.23055556 -3655.627387 7582.865104 -6474.247884
57652.23125000 -3999.657512 7444.571119 -6514.801946
57652.23194444 -4338.968285 7297.488784 -6547.657757
57652.23263889 -4673.231822 7141.913890 -6572.886152
57652.23333333 -5002.136005 6978.144945 -6590.565888
57652.23402778 -5325.384248 6806.482466 -6600.783079
57652.23472222 -5642.695180 6627.228328 -6603.630642
57652.23541667 -5953.802348 6440.685163 -6599.207777
57652.23611111 -6258.453866 6247.155805 -6587.619461
57652.23680556 -6556.412064 6046.942775 -6568.975968
57652.23750000 -6847.453097 5840.347829 -6543.392419
57652.23819444 -7131.366556 5627.671540 -6510.988345
57652.23888889 -7407.955085 5409.212905 -6471.887281
57652.23958333 -7677.033953 5185.269024 -6426.216385
57652.24027778 -7938.430657 4956.134786 -6374.106076
57652.24097222 -8191.984521 4722.102598 -6315.689692
57652.24166667 -8437.546274 4483.462154 -6251.103177
57652.24236111 -8674.977651 4240.500228 -6180.484790
57652.24305556 -8904.151006 3993.500483 -6103.974819
57652.24375000 -9124.948904 3742.743331 -6021.715339
57652.24444444 -9337.263742 3488.505796 -5933.849966
57652.24513889 -9540.997384 3231.061399 -5840.523646
57652.24583333 -9736.060782 2970.680080 -5741.882449
57652.24652778 -9922.373626 2707.628125 -5638.073389
57652.24722222 -10099.864001 2442.168111 -5529.244252
57652.24791667 -10268.468059 2174.558861 -5415.543442
57652.24861111 -10428.129691 1905.055433 -5297.119842
57652.24930556 -10578.800218 1633.909103 -5174.122688
57652.25000000 -10720.438107 1361.367357 -5046.701447
57652.25069444 -10853.008671 1087.673912 -4915.005723
57652.25138889 -10976.483807 813.068732 -4779.185160
57652.25208333 -11090.841739 537.788044 -4639.389355
57652.25277778 -11196.066762 262.064390 -4495.767792
57652.25347222 -11292.149015 -13.873344 -4348.469777
57652.25416667 -11379.084257 -289.799886 -4197.644374
57652.25486111 -11456.873650 -565.493518 -4043.440368
57652.25555556 -11525.523567 -840.736024 -3886.006218
57652.25625000 -11585.045399 -1115.312635 -3725.490023
57652.25694444 -11635.455381 -1389.011976 -3562.039489
57652.25763889 -11676.774423 -1661.625985 -3395.801917
57652.25833333 -11709.027953 -1932.949861 -3226.924179
57652.25902778 -11732.245779 -2202.782003 -3055.552702
57652.25972222 -11746.461942 -2470.923929 -2881.833466
57652.26041667 -11751.714602 -2737.180217 -2705.912002
57652.26111111 -11748.045914 -3001.358446 -2527.933378
57652.26180556 -11735.501923 -3263.269111 -2348.042221
57652.26250000 -11714.132467 -3522.725570 -2166.382711
57652.26319444 -11683.991090 -3779.543978 -1983.098588
57652.26388889 -11645.134955 -4033.543216 -1798.333176
57652.26458333 -11597.624779 -4284.544828 -1612.229389
57652.26527778 -11541.524762 -4532.372972 -1424.929741
57652.26597222 -11476.902538 -4776.854343 -1236.576378
57652.26666667 -11403.829120 -5017.818125 -1047.311088
57652.26736111 -11322.378862 -5255.095932 -857.275325
57652.26805556 -11232.629420 -5488.521763 -666.610228
57652.26875000 -11134.661734 -5717.931937 -475.456649
57652.26944444 -11028.560002 -5943.165051 -283.955178
57652.27013889 -10914.411663 -6164.061945 -92.246158
57652.27083333 -10792.307401 -6380.465644 99.530278
57652.27152778 -10662.341137 -6592.221324 291.234185
57652.27222222 -10524.610032 -6799.176288 482.725786
57652.27291667 -10379.214511 -7001.179916 673.865437
57652.27361111 -10226.258273 -7198.083646 864.513607
57652.27430556 -10065.848311 -7389.740955 1054.530853
57652.27500000 -9898.094956 -7576.007326 1243.777791
57652.27569444 -9723.111902 -7756.740240 1432.115071
57652.27638889 -9541.016247 -7931.799168 1619.403365
57652.27708333 -9351.928549 -8101.045552 1805.503326
57652.27777778 -9155.972873 -8264.342813 1990.275581
57652.27847222 -8953.276849 -8421.556347 2173.580701
57652.27916667 -8743.971730 -8572.553545 2355.279196
57652.27986111 -8528.192475 -8717.203789 2535.231481
57652.28055556 -8306.077811 -8855.378483 2713.297868
57652.28125000 -8077.770309 -8986.951079 2889.338561
57652.28194444 -7843.416476 -9111.797102 3063.213630
57652.28263889 -7603.166844 -9229.794191 3234.783014
57652.28333333 -7357.176049 -9340.822146 3403.906513
57652.28402778 -7105.602943 -9444.762978 3570.443782
57652.28472222 -6848.610692 -9541.500964 3734.254333
57652.28541667 -6586.366871 -9630.922725 3895.197547
57652.28611111 -6319.043590 -9712.917290 4053.132669
57652.28680556 -6046.817596 -9787.376187 4207.918830
57652.28750000 -5769.870399 -9854.193530 4359.415061
57652.28819444 -5488.388375 -9913.266128 4507.480319
57652.28888889 -5202.562911 -9964.493589 4651.973505
57652.28958333 -4912.590522 -10007.778446 4792.753505
57652.29027778 -4618.672968 -10043.026289 4929.679230
57652.29097222 -4321.017404 -10070.145906 5062.609655
57652.29166667 -4019.836503 -10089.049436 5191.403874
57652.29236111 -3715.348578 -10099.652541 5315.921166
57652.29305556 -3407.777735 -10101.874580 5436.021056
57652.29375000 -3097.353997 -10095.638799 5551.563392
57652.29444444 -2784.313424 -10080.872540 5662.408442
57652.29513889 -2468.898266 -10057.507458 5768.416974
57652.29583333 -2151.357079 -10025.479749 5869.450372
57652.29652778 -1831.944841 -9984.730405 5965.370757
57652.29722222 -1510.923093 -9935.205469 6056.041105
57652.29791667 -1188.560036 -9876.856316 6141.325398
57652.29861111 -865.130653 -9809.639948 6221.088773
57652.29930556 -540.916789 -9733.519297 6295.197699
57652.30000000 -216.207264 -9648.463560 6363.520150
57652.30069444 108.702056 -9554.448535 6425.925810
57652.30138889 433.508207 -9451.456982 6482.286290
57652.30208333 757.901049 -9339.479001 6532.475354
57652.30277778 1081.563247 -9218.512425 6576.369173
57652.30347222 1404.170261 -9088.563224 6613.846592
57652.30416667 1725.390331 -8949.645941 6644.789416
57652.30486111 2044.884520 -8801.784127 6669.082720
57652.30555556 2362.306771 -8645.010797 6686.615173
57652.30625000 2677.303978 -8479.368908 6697.279388
57652.30694444 2989.516107 -8304.911842 6700.972290
57652.30763889 3298.576361 -8121.703896 6697.595509
57652.30833333 3604.111344 -7929.820804 6687.055791
57652.30902778 3905.741310 -7729.350242 6669.265435
57652.30972222 4203.080429 -7520.392360 6644.142748
57652.31041667 4495.737123 -7303.060298 6611.612524
57652.31111111 4783.314426 -7077.480732 6571.606543
57652.31180556 5065.410425 -6843.794392 6524.064091
57652.31250000 5341.618758 -6602.156579 6468.932498
57652.31319444 5611.529149 -6352.737690 6406.167695
57652.31388889 5874.728042 -6095.723711 6335.734787
57652.31458333 6130.799294 -5831.316689 6257.608638
57652.31527778 6379.324918 -5559.735204 6171.774472
57652.31597222 6619.885934 -5281.214782 6078.228475
57652.31666667 6852.063282 -4996.008281 5976.978410
57652.31736111 7075.438804 -4704.386248 5868.044229
57652.31805556 7289.596320 -4406.637206 5751.458684
57652.31875000 7494.122781 -4103.067893 5627.267927
57652.31944444 7688.609499 -3794.003425 5495.532096
57652.32013889 7872.653450 -3479.787408 5356.325891
57652.32083333 8045.858661 -3160.781948 5209.739112
57652.32152778 8207.837672 -2837.367561 5055.877167
57652.32222222 8358.213045 -2509.943028 4894.861551
57652.32291667 8496.618957 -2178.925100 4726.830265
57652.32361111 8622.702837 -1844.748101 4551.938182
57652.32430556 8736.127040 -1507.863436 4370.357357
57652.32500000 8836.570567 -1168.738946 4182.277264
57652.32569444 8923.730800 -827.858129 3987.904936
57652.32638889 8997.325244 -485.719259 3787.465054
57652.32708333 9057.093267 -142.834338 3581.199909
57652.32777778 9102.797814 200.272089 3369.369273
57652.32847222 9134.227087 543.064231 3152.250173
57652.32916667 9151.196155 884.996509 2930.136541
57652.32986111 9153.548506 1225.515129 2703.338756
57652.33055556 9141.157486 1564.059797 2472.183049
57652.33125000 9113.927638 1900.065514 2237.010819
57652.33194444 9071.795898 2232.964500 1998.177803
57652.33263889 9014.732645 2562.188221 1756.053130
57652.33333333 8942.742586 2887.169448 1511.018275
57652.33402778 8855.865449 3207.344406 1263.465894
57652.33472222 8754.176487 3522.154972 1013.798542
57652.33541667 8637.786770 3831.050853 762.427334
57652.33611111 8506.843262 4133.491794 509.770488
57652.33680556 8361.528669 4428.949767 256.251809
57652.33750000 8202.061069 4716.911087 2.299126
57652.33819444 8028.693306 4996.878482 -251.657328
57652.33888889 7841.712166 5268.373089 -505.186563
57652.33958333 7641.437338 5530.936299 -757.858478
57652.34027778 7428.220159 5784.131524 -1009.245515
57652.34097222 7202.442179 6027.545789 -1258.924288
57652.34166667 6964.513517 6260.791189 -1506.477184
57652.34236111 6714.871099 6483.506150 -1751.493891
57652.34305556 6453.976714 6695.356530 -1993.572882
57652.34375000 6182.314956 6896.036538 -2232.322818
57652.34444444 5900.391095 7085.269431 -2467.363845
57652.34513889 5608.728837 7262.808046 -2698.328806
57652.34583333 5307.868037 7428.435140 -2924.864348
57652.34652778 4998.362411 7581.963513 -3146.631892
57652.34722222 4680.777209 7723.235978 -3363.308505
57652.34791667 4355.686907 7852.125147 -3574.587649
57652.34861111 4023.672955 7968.533043 -3780.179784
57652.34930556 3685.321556 8072.390568 -3979.812873
57652.35000000 3341.221528 8163.656832 -4173.232755
57652.35069444 2991.962232 8242.318352 -4360.203403
57652.35138889 2638.131636 8308.388133 -4540.507062
57652.35208333 2280.314450 8361.904664 -4713.944290
57652.35277778 1919.090385 8402.930824 -4880.333898
57652.35347222 1555.032563 8431.552719 -5039.512788
57652.35416667 1188.706025 8447.878472 -5191.335709
57652.35486111 820.666370 8452.036970 -5335.674952
57652.35555556 451.458555 8444.176581 -5472.419948
57652.35625000 81.615802 8424.463863 -5601.476829
57652.35694444 -288.341380 8393.082268 -5722.767934
57652.35763889 -657.906001 8350.230850 -5836.231253
57652.35833333 -1026.585314 8296.122991 -5941.819863
57652.35902778 -1393.901425 8230.985152 -6039.501313
57652.35972222 -1759.391755 8155.055656 -6129.257000
57652.36041667 -2122.609438 8068.583503 -6211.081522
57652.36111111 -2483.123596 7971.827237 -6284.982026
57652.36180556 -2840.519554 7865.053843 -6350.977556
57652.36250000 -3194.398928 7748.537709 -6409.098392
57652.36319444 -3544.379671 7622.559636 -6459.385399
57652.36388889 -3890.096057 7487.405888 -6501.889392
57652.36458333 -4231.198561 7343.367315 -6536.670500
57652.36527778 -4567.353721 7190.738522 -6563.797557
57652.36597222 -4898.243959 7029.817079 -6583.347501
57652.36666667 -5223.567308 6860.902812 -6595.404803
57652.36736111 -5543.037158 6684.297127 -6600.060904
57652.36805556 -5856.381949 6500.302378 -6597.413686
57652.36875000 -6163.344820 6309.221315 -6587.566959
57652.36944444 -6463.683264 6111.356548 -6570.629973
57652.37013889 -6757.168762 5907.010069 -6546.716954
57652.37083333 -7043.586376 5696.482824 -6515.946667
57652.37152778 -7322.734367 5480.074321 -6478.441999
57652.37222222 -7594.423783 5258.082274 -6434.329565
57652.37291667 -7858.478062 5030.802282 -6383.739341
57652.37361111 -8114.732606 4798.527561 -6326.804320
57652.37430556 -8363.034381 4561.548687 -6263.660184
57652.37500000 -8603.241519 4320.153375 -6194.445006
57652.37569444 -8835.222904 4074.626300 -6119.298967
57652.37638889 -9058.857778 3825.248930 -6038.364094
57652.37708333 -9274.035369 3572.299377 -5951.784018
57652.37777778 -9480.654491 3316.052299 -5859.703752
57652.37847222 -9678.623186 3056.778793 -5762.269484
57652.37916667 -9867.858370 2794.746318 -5659.628384
57652.37986111 -10048.285471 2530.218641 -5551.928435
57652.38055556 -10219.838102 2263.455793 -5439.318273
57652.38125000 -10382.457733 1994.714042 -5321.947042
57652.38194444 -10536.093380 1724.245862 -5199.964258
57652.38263889 -10680.701299 1452.299953 -5073.519698
57652.38333333 -10816.244701 1179.121232 -4942.763290
57652.38402778 -10942.693482 904.950846 -4807.845012
57652.38472222 -11060.023944 630.026208 -4668.914815
57652.38541667 -11168.218557 354.581026 -4526.122542
57652.38611111 -11267.265716 78.845326 -4379.617858
57652.38680556 -11357.159511 -196.954482 -4229.550202
57652.38750000 -11437.899513 -472.595567 -4076.068728
57652.38819444 -11509.490572 -747.858630 -3919.322259
57652.38888889 -11571.942623 -1022.527832 -3759.459263
57652.38958333 -11625.270503 -1296.390744 -3596.627814
57652.39027778 -11669.493786 -1569.238290 -3430.975562
57652.39097222 -11704.636617 -1840.864669 -3262.649730
57652.39166667 -11730.727567 -2111.067300 -3091.797087
57652.39236111 -11747.799493 -2379.646753 -2918.563946
57652.39305556 -11755.889409 -2646.406687 -2743.096151
57652.39375000 -11755.038364 -2911.153771 -2565.539084
57652.39444444 -11745.291337 -3173.697627 -2386.037665
57652.39513889 -11726.697131 -3433.850765 -2204.736352
57652.39583333 -11699.308281 -3691.428506 -2021.779156
57652.39652778 -11663.180975 -3946.248924 -1837.309653
57652.39722222 -11618.374974 -4198.132791 -1651.470985
57652.39791667 -11564.953545 -4446.903498 -1464.405894
57652.39861111 -11502.983408 -4692.386999 -1276.256728
57652.39930556 -11432.534673 -4934.411770 -1087.165456
57652.40000000 -11353.680809 -5172.808725 -897.273702
57652.40069444 -11266.498600 -5407.411180 -706.722760
57652.40138889 -11171.068113 -5638.054801 -515.653611
57652.40208333 -11067.472684 -5864.577545 -324.206957
57652.40277778 -10955.798896 -6086.819621 -132.523242
57652.40347222 -10836.136572 -6304.623444 59.257322
57652.40416667 -10708.578771 -6517.833602 250.994737
57652.40486111 -10573.221795 -6726.296808 442.549180
57652.40555556 -10430.165198 -6929.861870 633.780984
57652.40625000 -10279.511797 -7128.379673 824.550618
57652.40694444 -10121.367703 -7321.703136 1014.718650
57652.40763889 -9955.842347 -7509.687197 1204.145726
57652.40833333 -9783.048504 -7692.188804 1392.692553
57652.40902778 -9603.102347 -7869.066888 1580.219864
57652.40972222 -9416.123488 -8040.182360 1766.588397
57652.41041667 -9222.235016 -8205.398115 1951.658886
57652.41111111 -9021.563575 -8364.579018 2135.292022
57652.41180556 -8814.239407 -8517.591920 2317.348443
57652.41250000 -8600.396430 -8664.305666 2497.688715
57652.41319444 -8380.172300 -8804.591120 2676.173325
57652.41388889 -8153.708497 -8938.321173 2852.662650
57652.41458333 -7921.150403 -9065.370786 3027.016955
57652.41527778 -7682.647382 -9185.617021 3199.096392
57652.41597222 -7438.352883 -9298.939080 3368.760977
57652.41666667 -7188.424531 -9405.218358 3535.870596
57652.41736111 -6933.024216 -9504.338503 3700.285010
57652.41805556 -6672.318214 -9596.185470 3861.863845
57652.41875000 -6406.477290 -9680.647603 4020.466608
57652.41944444 -6135.676798 -9757.615713 4175.952701
57652.42013889 -5860.096815 -9826.983165 4328.181428
57652.42083333 -5579.922251 -9888.645977 4477.012018
57652.42152778 -5295.342964 -9942.502931 4622.303660
57652.42222222 -5006.553901 -9988.455687 4763.915520
57652.42291667 -4713.755212 -10026.408914 4901.706787
57652.42361111 -4417.152392 -10056.270427 5035.536714
57652.42430556 -4116.956392 -10077.951338 5165.264672
57652.42500000 -3813.383773 -10091.366218 5290.750201
57652.42569444 -3506.656831 -10096.433269 5411.853083
57652.42638889 -3197.003720 -10093.074516 5528.433412
57652.42708333 -2884.658601 -10081.215999 5640.351679
57652.42777778 -2569.861766 -10060.787992 5747.468863
57652.42847222 -2252.859755 -10031.725227 5849.646538
57652.42916667 -1933.905503 -9993.967138 5946.746981
57652.42986111 -1613.258451 -9947.458118 6038.633303
57652.43055556 -1291.184655 -9892.147784 6125.169585
57652.43125000 -967.956909 -9827.991276 6206.221028
57652.43194444 -643.854848 -9754.949550 6281.654113
57652.43263889 -319.165024 -9672.989703 6351.336792
57652.43333333 5.818990 -9582.085310 6415.138667
57652.43402778 330.796539 -9482.216773 6472.931211
57652.43472222 655.459826 -9373.371697 6524.587985
57652.43541667 979.493881 -9255.545269 6569.984893
57652.43611111 1302.576523 -9128.740669 6609.000432
57652.43680556 1624.378363 -8992.969486 6641.515981
57652.43750000 1944.562837 -8848.252152 6667.416097
57652.43819444 2262.786233 -8694.618397 6686.588838
57652.43888889 2578.697770 -8532.107719 6698.926101
57652.43958333 2891.939716 -8360.769849 6704.323987
57652.44027778 3202.147507 -8180.665263 6702.683182
57652.44097222 3508.949933 -7991.865674 6693.909363
57652.44166667 3811.969359 -7794.454546 6677.913626
57652.44236111 4110.821972 -7588.527618 6654.612935
57652.44305556 4405.118098 -7374.193432 6623.930592
57652.44375000 4694.462552 -7151.573859 6585.796727
57652.44444444 4978.455067 -6920.804621 6540.148814
57652.44513889 5256.690741 -6682.035826 6486.932197
57652.44583333 5528.760583 -6435.432481 6426.100646
57652.44652778 5794.252114 -6181.174985 6357.616919
57652.44722222 6052.750018 -5919.459630 6281.453345
57652.44791667 6303.836884 -5650.499062 6197.592415
57652.44861111 6547.094026 -5374.522702 6106.027388
57652.44930556 6782.102354 -5091.777170 6006.762896
57652.45000000 7008.443341 -4802.526635 5899.815562
57652.45069444 7225.700079 -4507.053117 5785.214598
57652.45138889 7433.458388 -4205.656767 5663.002421
57652.45208333 7631.308021 -3898.656051 5533.235239
57652.45277778 7818.843957 -3586.387862 5395.983621
57652.45347222 7995.667743 -3269.207588 5251.333057
57652.45416667 8161.388934 -2947.489056 5099.384470
57652.45486111 8315.626592 -2621.624399 4940.254705
57652.45555556 8458.010851 -2292.023808 4774.076962
57652.45625000 8588.184531 -1959.115198 4601.001185
57652.45694444 8705.804804 -1623.343732 4421.194389
57652.45763889 8810.544907 -1285.171221 4234.840911
57652.45833333 8902.095861 -945.075421 4042.142595
57652.45902778 8980.168218 -603.549176 3843.318891
57652.45972222 9044.493807 -261.099411 3638.606847
57652.46041667 9094.827453 81.753966 3428.261030
57652.46111111 9130.948672 424.479346 3212.553319
57652.46180556 9152.663310 766.534824 2991.772589
57652.46250000 9159.805114 1107.369712 2766.224302
57652.46319444 9152.237217 1446.426205 2536.229951
57652.46388889 9129.853507 1783.141169 2302.126396
57652.46458333 9092.579881 2116.947999 2064.265095
57652.46527778 9040.375346 2447.278609 1823.011186
57652.46597222 8973.232961 2773.565488 1578.742478
57652.46666667 8891.180601 3095.243830 1331.848312
57652.46736111 8794.281526 3411.753682 1082.728336
57652.46805556 8682.634750 3722.542154 831.791173
57652.46875000 8556.375190 4027.065623 579.452990
57652.46944444 8415.673597 4324.791906 326.136022
57652.47013889 8260.736263 4615.202417 72.267012
57652.47083333 8091.804488 4897.794263 -181.724402
57652.47152778 7909.153840 5172.082244 -435.407305
57652.47222222 7713.093190 5437.600769 -688.351167
57652.47291667 7503.963517 5693.905655 -940.127503
57652.47361111 7282.136545 5940.575769 -1190.311494
57652.47430556 7048.013170 6177.214535 -1438.483607
57652.47500000 6802.021732 6403.451271 -1684.231148
57652.47569444 6544.616118 6618.942354 -1927.149773
57652.47638889 6276.273767 6823.372180 -2166.844895
57652.47708333 5997.493543 7016.453957 -2402.933033
57652.47777778 5708.793521 7197.930302 -2635.043057
57652.47847222 5410.708741 7367.573624 -2862.817313
57652.47916667 5103.788895 7525.186343 -3085.912648
57652.47986111 4788.596002 7670.600912 -3304.001321
57652.48055556 4465.702116 7803.679654 -3516.771774
57652.48125000 4135.687033 7924.314445 -3723.929293
57652.48194444 3799.136049 8032.426237 -3925.196553
57652.48263889 3456.637803 8127.964420 -4120.314013
57652.48333333 3108.782187 8210.906074 -4309.040219
57652.48402778 2756.158327 8281.255093 -4491.151990
57652.48472222 2399.352724 8339.041205 -4666.444473
57652.48541667 2038.947454 8384.318908 -4834.731120
57652.48611111 1675.518530 8417.166336 -4995.843556
57652.48680556 1309.634349 8437.684060 -5149.631369
57652.48750000 941.854327 8445.993848 -5295.961805
57652.48819444 572.727614 8442.237395 -5434.719407
57652.48888889 202.791953 8426.575032 -5565.805589
57652.48958333 -167.427302 8399.184432 -5689.138142
57652.49027778 -537.418077 8360.259315 -5804.650709
57652.49097222 -906.682341 8310.008168 -5912.292221
57652.49166667 -1274.736721 8248.652987 -6012.026285
57652.49236111 -1641.113038 8176.428047 -6103.830571
57652.49305556 -2005.358732 8093.578705 -6187.696167
57652.49375000 -2367.037163 8000.360250 -6263.626928
57652.49444444 -2725.727845 7897.036792 -6331.638816
57652.49513889 -3081.026596 7783.880195 -6391.759245
57652.49583333 -3432.545581 7661.169072 -6444.026426
57652.49652778 -3779.913316 7529.187826 -6488.488720
57652.49722222 -4122.774587 7388.225744 -6525.204004
57652.49791667 -4460.790334 7238.576142 -6554.239052
57652.49861111 -4793.637448 7080.535577 -6575.668929
57652.49930556 -5121.008555 6914.403101 -6589.576408
57652.50000000 -5442.611762 6740.479565 -6596.051404
57652.50069444 -5758.170337 6559.066991 -6595.190434
57652.50138889 -6067.422391 6370.467979 -6587.096097
57652.50208333 -6370.120544 6174.985163 -6571.876574
57652.50277778 -6666.031529 5972.920725 -6549.645163
57652.50347222 -6954.935823 5764.575946 -6520.519826
57652.50416667 -7236.627260 5550.250789 -6484.622765
57652.50486111 -7510.912608 5330.243548 -6442.080024
57652.50555556 -7777.611176 5104.850508 -6393.021111
57652.50625000 -8036.554397 4874.365660 -6337.578645
57652.50694444 -8287.585429 4639.080429 -6275.888024
57652.50763889 -8530.558731 4399.283464 -6208.087118
57652.50833333 -8765.339668 4155.260428 -6134.315979
57652.50902778 -8991.804120 3907.293819 -6054.716570
57652.50972222 -9209.838078 3655.662842 -5969.432524
57652.51041667 -9419.337266 3400.643274 -5878.608909
57652.51111111 -9620.206778 3142.507354 -5782.392016
57652.51180556 -9812.360696 2881.523718 -5680.929167
57652.51250000 -9995.721751 2617.957324 -5574.368536
57652.51319444 -10170.220982 2352.069398 -5462.858978
57652.51388889 -10335.797395 2084.117412 -5346.549893
57652.51458333 -10492.397656 1814.355061 -5225.591082
57652.51527778 -10639.975783 1543.032243 -5100.132620
57652.51597222 -10778.492850 1270.395079 -4970.324758
57652.51666667 -10907.916709 996.685916 -4836.317815
57652.51736111 -11028.221716 722.143352 -4698.262090
57652.51805556 -11139.388488 447.002257 -4556.307784
57652.51875000 -11241.403643 171.493820 -4410.604932
57652.51944444 -11334.259578 -104.154409 -4261.303343
57652.52013889 -11417.954249 -379.718490 -4108.552540
57652.52083333 -11492.490959 -654.978016 -3952.501723
57652.52152778 -11557.878161 -929.716070 -3793.299730
57652.52222222 -11614.129281 -1203.719177 -3631.094998
57652.52291667 -11661.262532 -1476.777220 -3466.035544
57652.52361111 -11699.300759 -1748.683391 -3298.268944
57652.52430556 -11728.271283 -2019.234130 -3127.942311
57652.52500000 -11748.205759 -2288.229046 -2955.202295
57652.52569444 -11759.140041 -2555.470856 -2780.195070
57652.52638889 -11761.114063 -2820.765328 -2603.066327
57652.52708333 -11754.171722 -3083.921195 -2423.961289
57652.52777778 -11738.360776 -3344.750102 -2243.024704
57652.52847222 -11713.732746 -3603.066532 -2060.400858
57652.52916667 -11680.342831 -3858.687754 -1876.233580
57652.52986111 -11638.249832 -4111.433738 -1690.666260
57652.53055556 -11587.516077 -4361.127108 -1503.841868
57652.53125000 -11528.207362 -4607.593082 -1315.902956
57652.53194444 -11460.392898 -4850.659399 -1126.991692
57652.53263889 -11384.145262 -5090.156271 -937.249878
57652.53333333 -11299.540356 -5325.916335 -746.818959
57652.53402778 -11206.657383 -5557.774584 -555.840063
57652.53472222 -11105.578813 -5785.568325 -364.454014
57652.53541667 -10996.390369 -6009.137143 -172.801357
57652.53611111 -10879.181016 -6228.322833 18.977611
57652.53680556 -10754.042955 -6442.969380 210.742819
57652.53750000 -10621.071629 -6652.922907 402.354397
57652.53819444 -10480.365719 -6858.031653 593.672653
57652.53888889 -10332.027175 -7058.145931 784.558037
57652.53958333 -10176.161224 -7253.118103 974.871124
57652.54027778 -10012.876396 -7442.802567 1164.472590
57652.54097222 -9842.284565 -7627.055723 1353.223179
57652.54166667 -9664.500981 -7805.735966 1540.983682
57652.54236111 -9479.644307 -7978.703679 1727.614924
57652.54305556 -9287.836680 -8145.821218 1912.977724
57652.54375000 -9089.203761 -8306.952918 2096.932886
57652.54444444 -8883.874784 -8461.965100 2279.341180
57652.54513889 -8671.982638 -8610.726070 2460.063317
57652.54583333 -8453.663927 -8753.106142 2638.959933
57652.54652778 -8229.059040 -8888.977662 2815.891588
57652.54722222 -7998.312246 -9018.215026 2990.718735
57652.54791667 -7761.571764 -9140.694719 3163.301722
57652.54861111 -7518.989863 -9256.295352 3333.500780
57652.54930556 -7270.722944 -9364.897716 3501.176026
57652.55000000 -7016.931651 -9466.384825 3666.187453
57652.55069444 -6757.780971 -9560.641984 3828.394933
57652.55138889 -6493.440326 -9647.556860 3987.658234
57652.55208333 -6224.083708 -9727.019556 4143.837015
57652.55277778 -5949.889777 -9798.922696 4296.790850
57652.55347222 -5671.041976 -9863.161525 4446.379247
57652.55416667 -5387.728668 -9919.634008 4592.461666
57652.55486111 -5100.143249 -9968.240950 4734.897552
57652.55555556 -4808.484267 -10008.886114 4873.546375
57652.55625000 -4512.955570 -10041.476361 5008.267664
57652.55694444 -4213.766424 -10065.921794 5138.921058
57652.55763889 -3911.131640 -10082.135914 5265.366366
57652.55833333 -3605.271722 -10090.035793 5387.463625
57652.55902778 -3296.412986 -10089.542253 5505.073171
57652.55972222 -2984.787705 -10080.580062 5618.055724
57652.56041667 -2670.634219 -10063.078140 5726.272479
57652.56111111 -2354.197091 -10036.969787 5829.585197
57652.56180556 -2035.727221 -10002.192911 5927.856322
57652.56250000 -1715.481957 -9958.690285 6020.949106
57652.56319444 -1393.725238 -9906.409810 6108.727734
57652.56388889 -1070.727692 -9845.304800 6191.057475
57652.56458333 -746.766733 -9775.334274 6267.804845
57652.56527778 -422.126679 -9696.463276 6338.837775
57652.56597222 -97.098825 -9608.663202 6404.025801
57652.56666667 228.018489 -9511.912144 6463.240274
57652.56736111 552.919797 -9406.195259 6516.354573
57652.56805556 877.292474 -9291.505146 6563.244348
57652.56875000 1200.816701 -9167.842247 6603.787771
57652.56944444 1523.165470 -9035.215251 6637.865819
57652.57013889 1844.004571 -8893.641538 6665.362558
57652.57083333 2162.992648 -8743.147614 6686.165460
57652.57152778 2479.781265 -8583.769571 6700.165739
57652.57222222 2794.014984 -8415.553570 6707.258703
57652.57291667 3105.331501 -8238.556325 6707.344129
57652.57361111 3413.361816 -8052.845597 6700.326666
57652.57430556 3717.730421 -7858.500710 6686.116246
57652.57500000 4018.055551 -7655.613073 6664.628536
57652.57569444 4313.949481 -7444.286689 6635.785388
57652.57638889 4605.018855 -7224.638697 6599.515334
57652.57708333 4890.865081 -6996.799898 6555.754085
57652.57777778 5171.084797 -6760.915268 6504.445058
57652.57847222 5445.270356 -6517.144493 6445.539914
57652.57916667 5713.010421 -6265.662466 6378.999126
57652.57986111 5973.890590 -6006.659787 6304.792547
57652.58055556 6227.494128 -5740.343222 6222.900000
57652.58125000 6473.402728 -5466.936164 6133.311880
57652.58194444 6711.197384 -5186.679043 6036.029757
57652.58263889 6940.459329 -4899.829691 5931.066982
57652.58333333 7160.771044 -4606.663685 5818.449304
57652.58402778 7371.717353 -4307.474625 5698.215471
57652.58472222 7572.886613 -4002.574333 5570.417818
57652.58541667 7763.871949 -3692.293030 5435.122856
57652.58611111 7944.272593 -3376.979392 5292.411827
57652.58680556 8113.695300 -3057.000536 5142.381223
57652.58750000 8271.755811 -2732.741935 4985.143295
57652.58819444 8418.080396 -2404.607206 4820.826498
57652.58888889 8552.307468 -2073.017790 4649.575889
57652.58958333 8674.089217 -1738.412545 4471.553480
57652.59027778 8783.093310 -1401.247191 4286.938510
57652.59097222 8879.004614 -1061.993640 4095.927656
57652.59166667 8961.526936 -721.139180 3898.735143
57652.59236111 9030.384762 -379.185553 3695.592795
57652.59305556 9085.324996 -36.647868 3486.749963
57652.59375000 9126.118661 305.946620 3272.473354
57652.59444444 9152.562562 648.059848 3053.046770
57652.59513889 9164.480878 989.144430 2828.770714
57652.59583333 9161.726685 1328.645290 2599.961877
57652.59652778 9144.183365 1666.001364 2366.952530
57652.59722222 9111.765900 2000.647462 2130.089768
57652.59791667 9064.422030 2332.016217 1889.734643
57652.59861111 9002.133254 2659.540097 1646.261197
57652.59930556 8924.915654 2982.653513 1400.055353
57652.60000000 8832.820536 3300.794970 1151.513724
57652.60069444 8725.934867 3613.409263 901.042299
57652.60138889 8604.381504 3919.949659 649.055068
57652.60208333 8468.319201 4219.880098 395.972545
57652.60277778 8317.942386 4512.677364 142.220224
57652.60347222 8153.480727 4797.833184 -111.772991
57652.60416667 7975.198451 5074.856273 -365.576427
57652.60486111 7783.393451 5343.274292 -618.759289
57652.60555556 7578.396187 5602.635666 -870.892308
57652.60625000 7360.568365 5852.511295 -1121.549386
57652.60694444 7130.301434 6092.496120 -1370.309229
57652.60763889 6888.014915 6322.210501 -1616.756901
57652.60833333 6634.154562 6541.301447 -1860.485361
57652.60902778 6369.190385 6749.443665 -2101.096912
57652.60972222 6093.614575 6946.340395 -2338.204561
57652.61041667 5807.939316 7131.724079 -2571.433299
57652.61111111 5512.694545 7305.356823 -2800.421264
57652.61180556 5208.425643 7467.030679 -3024.820817
57652.61250000 4895.691141 7616.567720 -3244.299463
57652.61319444 4575.060389 7753.819955 -3458.540682
57652.61388889 4247.111254 7878.669065 -3667.244634
57652.61458333 3912.427882 7991.025970 -3870.128721
57652.61527778 3571.598493 8090.830259 -4066.928040
57652.61597222 3225.213250 8178.049477 -4257.395727
57652.61666667 2873.862245 8252.678286 -4441.303153
57652.61736111 2518.133559 8314.737528 -4618.440039
57652.61805556 2158.611435 8364.273190 -4788.614458
57652.61875000 1795.874599 8401.355287 -4951.652725
57652.61944444 1430.494673 8426.076687 -5107.399212
57652.62013889 1063.034724 8438.551890 -5255.716083
57652.62083333 694.047974 8438.915760 -5396.482936
57652.62152778 324.076598 8427.322246 -5529.596401
57652.62222222 -46.349309 8403.943087 -5654.969662
57652.62291667 -416.712676 8368.966513 -5772.531952
57652.62361111 -786.510229 8322.595963 -5882.227980
57652.62430556 -1155.253176 8265.048819 -5984.017345
57652.62500000 -1522.467782 8196.555163 -6077.873921
57652.62569444 -1887.695803 8117.356570 -6163.785214
57652.62638889 -2250.494846 8027.704943 -6241.751710
57652.62708333 -2610.438640 7927.861381 -6311.786227
57652.62777778 -2967.117177 7818.095105 -6373.913243
57652.62847222 -3320.136819 7698.682429 -6428.168244
57652.62916667 -3669.120317 7569.905777 -6474.597078
57652.62986111 -4013.706738 7432.052772 -6513.255306
57652.63055556 -4353.551370 7285.415351 -6544.207582
57652.63125000 -4688.325549 7130.288965 -6567.527039
57652.63194444 -5017.716456 6966.971803 -6583.294700
57652.63263889 -5341.426849 6795.764096 -6591.598903
57652.63333333 -5659.174784 6616.967455 -6592.534750
57652.63402778 -5970.693304 6430.884264 -6586.203582
57652.63472222 -6275.730078 6237.817130 -6572.712475
57652.63541667 -6574.047049 6038.068369 -6552.173754
57652.63611111 -6865.420060 5831.939540 -6524.704541
57652.63680556 -7149.638445 5619.731030 -6490.426321
57652.63750000 -7426.504639 5401.741672 -6449.464537
57652.63819444 -7695.833775 5178.268397 -6401.948198
57652.63888889 -7957.453261 4949.605938 -6348.009525
57652.63958333 -8211.202375 4716.046560 -6287.783609
57652.64027778 -8456.931863 4477.879806 -6221.408093
57652.64097222 -8694.503521 4235.392306 -6149.022881
57652.64166667 -8923.789802 3988.867590 -6070.769859
57652.64236111 -9144.673415 3738.585931 -5986.792645
57652.64305556 -9357.046953 3484.824205 -5897.236346
57652.64375000 -9560.812500 3227.855802 -5802.247350
57652.64444444 -9755.881267 2967.950522 -5701.973119
57652.64513889 -9942.173248 2705.374500 -5596.562003
57652.64583333 -10119.616854 2440.390166 -5486.163082
57652.64652778 -10288.148593 2173.256200 -5370.926001
57652.64722222 -10447.712746 1904.227497 -5251.000836
57652.64791667 -10598.261050 1633.555175 -5126.537966
57652.64861111 -10739.752405 1361.486561 -4997.687963
57652.64930556 -10872.152590 1088.265195 -4864.601477
57652.65000000 -10995.433985 814.130864 -4727.429161
57652.65069444 -11109.575315 539.319623 -4586.321578
57652.65138889 -11214.561400 264.063817 -4441.429127
57652.65208333 -11310.382917 -11.407863 -4292.901990
57652.65277778 -11397.036176 -286.870340 -4140.890069
57652.65347222 -11474.522910 -562.102102 -3985.542941
57652.65416667 -11542.850075 -836.885155 -3827.009813
57652.65486111 -11602.029656 -1111.004950 -3665.439498
57652.65555556 -11652.078491 -1384.250330 -3500.980379
57652.65625000 -11693.018105 -1656.413477 -3333.780389
57652.65694444 -11724.874552 -1927.289830 -3163.986996
57652.65763889 -11747.678268 -2196.678029 -2991.747192
57652.65833333 -11761.463937 -2464.379854 -2817.207480
57652.65902778 -11766.270359 -2730.200144 -2640.513876
57652.65972222 -11762.140342 -2993.946738 -2461.811912
57652.66041667 -11749.120586 -3255.430414 -2281.246626
57652.66111111 -11727.261588 -3514.464808 -2098.962585
57652.66180556 -11696.617552 -3770.866361 -1915.103888
57652.66250000 -11657.246308 -4024.454244 -1729.814178
57652.66319444 -11609.209239 -4275.050309 -1543.236650
57652.66388889 -11552.571216 -4522.479013 -1355.514081
57652.66458333 -11487.400539 -4766.567361 -1166.788843
57652.66527778 -11413.768892 -5007.144860 -977.202912
57652.66597222 -11331.751298 -5244.043446 -786.897908
57652.66666667 -11241.426085 -5477.097438 -596.015105
57652.66736111 -11142.874859 -5706.143497 -404.695454
57652.66805556 -11036.182484 -5931.020558 -213.079617
57652.66875000 -10921.437068 -6151.569797 -21.307985
57652.66944444 -10798.729954 -6367.634593 170.479300
57652.67013889 -10668.155724 -6579.060477 362.142311
57652.67083333 -10529.812200 -6785.695100 553.541312
57652.67152778 -10383.800456 -6987.388211 744.536739
57652.67222222 -10230.224841 -7183.991613 934.989164
57652.67291667 -10069.192999 -7375.359146 1124.759277
57652.67361111 -9900.815901 -7561.346667 1313.707856
57652.67430556 -9725.207874 -7741.812037 1501.695751
57652.67500000 -9542.486654 -7916.615098 1688.583850
57652.67569444 -9352.773424 -8085.617673 1874.233059
57652.67638889 -9156.192867 -8248.683570 2058.504291
57652.67708333 -8952.873226 -8405.678570 2241.258433
57652.67777778 -8742.946371 -8556.470442 2422.356331
57652.67847222 -8526.547852 -8700.928962 2601.658779
57652.67916667 -8303.816993 -8838.925922 2779.026498
57652.67986111 -8074.896957 -8970.335156 2954.320122
57652.68055556 -7839.934823 -9095.032581 3127.400198
57652.68125000 -7599.081693 -9212.896223 3298.127165
57652.68194444 -7352.492770 -9323.806264 3466.361354
57652.68263889 -7100.327454 -9427.645101 3631.962994
57652.68333333 -6842.749451 -9524.297394 3794.792199
57652.68402778 -6579.926875 -9613.650139 3954.708982
57652.68472222 -6312.032357 -9695.592739 4111.573262
57652.68541667 -6039.243153 -9770.017094 4265.244880
57652.68611111 -5761.741269 -9836.817682 4415.583610
57652.68680556 -5479.713580 -9895.891668 4562.449186
57652.68750000 -5193.351940 -9947.139013 4705.701332
57652.68819444 -4902.853327 -9990.462594 4845.199789
57652.68888889 -4608.419959 -10025.768332 4980.804360
57652.68958333 -4310.259420 -10052.965341 5112.374959
57652.69027778 -4008.584803 -10071.966074 5239.771654
57652.69097222 -3703.614838 -10082.686492 5362.854738
57652.69166667 -3395.574013 -10085.046241 5481.484795
57652.69236111 -3084.692726 -10078.968840 5595.522775
57652.69305556 -2771.207403 -10064.381886 5704.830085
57652.69375000 -2455.360636 -10041.217272 5809.268682
57652.69444444 -2137.401296 -10009.411414 5908.701182
57652.69513889 -1817.584678 -9968.905499 6002.990980
57652.69583333 -1496.172610 -9919.645747 6092.002372
57652.69652778 -1173.433557 -9861.583682 6175.600711
57652.69722222 -849.642751 -9794.676430 6253.652548
57652.69791667 -525.082276 -9718.887022 6326.025809
57652.69861111 -200.041152 -9634.184716 6392.589979
57652.69930556 125.184566 -9540.545345 6453.216298
57652.70000000 450.291735 -9437.951670 6507.777979
57652.70069444 774.970081 -9326.393750 6556.150438
57652.70138889 1098.902143 -9205.869340 6598.211547
57652.70208333 1421.763266 -9076.384296 6633.841896
57652.70277778 1743.221620 -8937.952994 6662.925088
57652.70347222 2062.938205 -8790.598776 6685.348038
57652.70416667 2380.566921 -8634.354403 6701.001303
57652.70486111 2695.754642 -8469.262525 6709.779432
57652.70555556 3008.141348 -8295.376154 6711.581330
57652.70625000 3317.360253 -8112.759178 6706.310650
57652.70694444 3623.038006 -7921.486851 6693.876205
57652.70763889 3924.794927 -7721.646311 6674.192402
57652.70833333 4222.245264 -7513.337106 6647.179695
57652.70902778 4514.997527 -7296.671719 6612.765063
57652.70972222 4802.654869 -7071.776088 6570.882506
57652.71041667 5084.815501 -6838.790142 6521.473563
57652.71111111 5361.073187 -6597.868319 6464.487848
57652.71180556 5631.017809 -6349.180069 6399.883601
57652.71250000 5894.235964 -6092.910362 6327.628263
57652.71319444 6150.311659 -5829.260170 6247.699053
57652.71388889 6398.827082 -5558.446904 6160.083561
57652.71458333 6639.363415 -5280.704859 6064.780361
57652.71527778 6871.501756 -4996.285596 5961.799604
57652.71597222 7094.824104 -4705.458289 5851.163638
57652.71666667 7308.914433 -4408.510014 5732.907605
57652.71736111 7513.359831 -4105.746003 5607.080041
57652.71805556 7707.751730 -3797.489810 5473.743461
57652.71875000 7891.687218 -3484.083405 5332.974914
57652.71944444 8064.770409 -3165.887212 5184.866532
57652.72013889 8226.613900 -2843.280028 5029.526026
57652.72083333 8376.840299 -2516.658851 4867.077153
57652.72152778 8515.083791 -2186.438627 4697.660136
57652.72222222 8640.991780 -1853.051855 4521.432027
57652.72291667 8754.226574 -1516.948079 4338.566997
57652.72361111 8854.467087 -1178.593276 4149.256576
57652.72430556 8941.410578 -838.469090 3953.709798
57652.72500000 9014.774398 -497.071944 3752.153263
57652.72569444 9074.297728 -154.912001 3544.831097
57652.72638889 9119.743292 187.487982 3332.004837
57652.72708333 9150.899038 529.593965 3113.953179
57652.72777778 9167.579757 870.862073 2890.971627
57652.72847222 9169.628630 1210.740143 2663.372032
57652.72916667 9156.918681 1548.669419 2431.482007
57652.72986111 9129.354112 1884.086372 2195.644209
57652.73055556 9086.871511 2216.424586 1956.215526
57652.73125000 9029.440908 2545.116766 1713.566134
57652.73194444 8957.066662 2869.596822 1468.078423
57652.73263889 8869.788170 3189.301988 1220.145846
57652.73333333 8767.680377 3503.675000 970.171648
57652.73402778 8650.854068 3812.166306 718.567486
57652.73472222 8519.455968 4114.236241 465.752010
57652.73541667 8373.668587 4409.357215 212.149327
57652.73611111 8213.709868 4697.015837 -41.812558
57652.73680556 8039.832576 4976.714996 -295.703375
57652.73750000 7852.323501 5247.975824 -549.092211
57652.73819444 7651.502409 5510.339578 -801.549174
57652.73888889 7437.720800 5763.369403 -1052.647052
57652.73958333 7211.360474 6006.651921 -1301.962924
57652.74027778 6972.831911 6239.798697 -1549.079759
57652.74097222 6722.572476 6462.447526 -1793.587967
57652.74166667 6461.044509 6674.263523 -2035.086858
57652.74236111 6188.733262 6874.940051 -2273.186041
57652.74305556 5906.144747 7064.199454 -2507.506745
57652.74375000 5613.803520 7241.793575 -2737.682999
57652.74444444 5312.250391 7407.504109 -2963.362742
57652.74513889 5002.040105 7561.142755 -3184.208810
57652.74583333 4683.739034 7702.551181 -3399.899780
57652.74652778 4357.922865 7831.600822 -3610.130719
57652.74722222 4025.174326 7948.192509 -3814.613793
57652.74791667 3686.080956 8052.255947 -4013.078766
57652.74861111 3341.232971 8143.749047 -4205.273354
57652.74930556 2991.221194 8222.657130 -4390.963488
57652.75000000 2636.635069 8288.992032 -4569.933452
57652.75069444 2278.060824 8342.791093 -4741.985908
57652.75138889 1916.079721 8384.116067 -4906.941827
57652.75208333 1551.266423 8413.051980 -5064.640337
57652.75277778 1184.187527 8429.705905 -5214.938462
57652.75347222 815.400192 8434.205724 -5357.710803
57652.75416667 445.450901 8426.698848 -5492.849151
57652.75486111 74.874390 8407.350922 -5620.262025
57652.75555556 -295.807336 8376.344534 -5739.874172
57652.75625000 -666.085836 8333.877921 -5851.626016
57652.75694444 -1035.466964 8280.163699 -5955.473080
57652.75763889 -1403.471450 8215.427612 -6051.385368
57652.75833333 -1769.635402 8139.907314 -6139.346731
57652.75902778 -2133.510703 8053.851179 -6219.354223
57652.75972222 -2494.665279 7957.517170 -6291.417439
57652.76041667 -2852.683307 7851.171740 -6355.557855
57652.76111111 -3207.165341 7735.088779 -6411.808169
57652.76180556 -3557.728330 7609.548631 -6460.211645
57652.76250000 -3904.005598 7474.837144 -6500.821465
57652.76319444 -4245.646761 7331.244777 -6533.700106
57652.76388889 -4582.317560 7179.065780 -6558.918709
57652.76458333 -4913.699671 7018.597404 -6576.556492
57652.76527778 -5239.490477 6850.139170 -6586.700161
57652.76597222 -5559.402772 6673.992209 -6589.443358
57652.76666667 -5873.164461 6490.458627 -6584.886120
57652.76736111 -6180.518221 6299.840940 -6573.134369
57652.76805556 -6481.221158 6102.441537 -6554.299419
57652.76875000 -6775.044406 5898.562215 -6528.497516
57652.76944444 -7061.772754 5688.503735 -6495.849394
57652.77013889 -7341.204252 5472.565425 -6456.479859
57652.77083333 -7613.149788 5251.044831 -6410.517395
57652.77152778 -7877.432689 5024.237404 -6358.093797
57652.77222222 -8133.888313 4792.436200 -6299.343823
57652.77291667 -8382.363624 4555.931651 -6234.404870
57652.77361111 -8622.716794 4315.011335 -6163.416674
57652.77430556 -8854.816804 4069.959780 -6086.521025
57652.77500000 -9078.543035 3821.058317 -6003.861509
57652.77569444 -9293.784883 3568.584927 -5915.583264
57652.77638889 -9500.441386 3312.814121 -5821.832758
57652.77708333 -9698.420840 3054.016858 -5722.757582
57652.77777778 -9887.640444 2792.460457 -5618.506262
57652.77847222 -10068.025949 2528.408543 -5509.228085
57652.77916667 -10239.511324 2262.120993 -5395.072940
57652.77986111 -10402.038417 1993.853921 -5276.191176
57652.78055556 -10555.556650 1723.859654 -5152.733470
57652.78125000 -10700.022718 1452.386721 -5024.850707
57652.78194444 -10835.400288 1179.679873 -4892.693878
57652.78263889 -10961.659730 905.980092 -4756.413986
57652.78333333 -11078.777853 631.524605 -4616.161949
57652.78402778 -11186.737642 356.546935 -4472.088541
57652.78472222 -11285.528026 81.276926 -4324.344318
57652.78541667 -11375.143651 -194.059217 -4173.079558
57652.78611111 -11455.584653 -469.238867 -4018.444217
57652.78680556 -11526.856462 -744.042930 -3860.587885
57652.78750000 -11588.969606 -1018.255782 -3699.659748
57652.78819444 -11641.939526 -1291.665227 -3535.808558
57652.78888889 -11685.786410 -1564.062410 -3369.182617
57652.78958333 -11720.535025 -1835.241769 -3199.929750
57652.79027778 -11746.214576 -2105.000971 -3028.197293
57652.79097222 -11762.858557 -2373.140835 -2854.132092
57652.79166667 -11770.504626 -2639.465271 -2677.880491
57652.79236111 -11769.194485 -2903.781219 -2499.588330
57652.79305556 -11758.973767 -3165.898570 -2319.400955
57652.79375000 -11739.891935 -3425.630104 -2137.463223
57652.79444444 -11712.002188 -3682.791433 -1953.919499
57652.79513889 -11675.361379 -3937.200919 -1768.913685
57652.79583333 -11630.029938 -4188.679622 -1582.589226
57652.79652778 -11576.071803 -4437.051240 -1395.089117
57652.79722222 -11513.554360 -4682.142039 -1206.555938
57652.79791667 -11442.548397 -4923.780798 -1017.131863
57652.79861111 -11363.128052 -5161.798753 -826.958684
57652.79930556 -11275.370777 -5396.029548 -636.177827
57652.80000000 -11179.357314 -5626.309174 -444.930386
57652.80069444 -11075.171666 -5852.475921 -253.357143
57652.80138889 -10962.901083 -6074.370343 -61.598585
57652.80208333 -10842.636052 -6291.835198 130.205057
57652.80277778 -10714.470298 -6504.715416 321.913790
57652.80347222 -10578.500780 -6712.858071 513.387838
57652.80416667 -10434.827706 -6916.112327 704.487604
57652.80486111 -10283.554553 -7114.329424 895.073650
57652.80555556 -10124.788075 -7307.362653 1085.006679
57652.80625000 -9958.638346 -7495.067319 1274.147495
57652.80694444 -9785.218787 -7677.300737 1462.356987
57652.80763889 -9604.646202 -7853.922217 1649.496110
57652.80833333 -9417.040829 -8024.793048 1835.425853
57652.80902778 -9222.526388 -8189.776500 2020.007219
57652.80972222 -9021.230136 -8348.737818 2203.101208
57652.81041667 -8813.282926 -8501.544241 2384.568801
57652.81111111 -8598.819279 -8648.064998 2564.270932
57652.81180556 -8377.977454 -8788.171330 2742.068481
57652.81250000 -8150.899514 -8921.736522 2917.822263
57652.81319444 -7917.731424 -9048.635916 3091.393008
57652.81388889 -7678.623127 -9168.746956 3262.641355
57652.81458333 -7433.728631 -9281.949231 3431.427854
57652.81527778 -7183.206114 -9388.124517 3597.612955
57652.81597222 -6927.218023 -9487.156837 3761.057006
57652.81666667 -6665.931161 -9578.932528 3921.620270
57652.81736111 -6399.516820 -9663.340304 4079.162916
57652.81805556 -6128.150873 -9740.271344 4233.545044
57652.81875000 -5852.013901 -9809.619375 4384.626693
57652.81944444 -5571.291300 -9871.280774 4532.267869
57652.82013889 -5286.173414 -9925.154674 4676.328566
57652.82083333 -4996.855660 -9971.143077 4816.668797
57652.82152778 -4703.538635 -10009.150986 4953.148640
57652.82222222 -4406.428275 -10039.086541 5085.628273
57652.82291667 -4105.735965 -10060.861167 5213.968029
57652.82361111 -3801.678670 -10074.389737 5338.028458
57652.82430556 -3494.479082 -10079.590742 5457.670388
57652.82500000 -3184.365744 -10076.386480 5572.754999
57652.82569444 -2871.573173 -10064.703251 5683.143919
57652.82638889 -2556.342006 -10044.471567 5788.699299
57652.82708333 -2238.919126 -10015.626385 5889.283932
57652.82777778 -1919.557768 -9978.107340 5984.761361
57652.82847222 -1598.517668 -9931.859002 6074.996007
57652.82916667 -1276.065161 -9876.831146 6159.853302
57652.82986111 -952.473299 -9812.979042 6239.199849
57652.83055556 -628.021939 -9740.263748 6312.903582
57652.83125000 -302.997860 -9658.652433 6380.833941
57652.83194444 22.305169 -9568.118715 6442.862074
57652.83263889 347.586329 -9468.643002 6498.861043
57652.83333333 672.537669 -9360.212869 6548.706049
57652.83402778 996.844079 -9242.823440 6592.274677
57652.83472222 1320.183279 -9116.477784 6629.447160
57652.83541667 1642.225792 -8981.187339 6660.106658
57652.83611111 1962.634980 -8836.972347 6684.139556
57652.83680556 2281.067094 -8683.862289 6701.435785
57652.83750000 2597.171331 -8521.896369 6711.889164
57652.83819444 2910.589949 -8351.123978 6715.397759
57652.83888889 3220.958412 -8171.605185 6711.864265
57652.83958333 3527.905546 -7983.411243 6701.196415
57652.84027778 3831.053770 -7786.625100 6683.307398
57652.84097222 4130.019346 -7581.341918 6658.116313
57652.84166667 4424.412698 -7367.669588 6625.548633
57652.84236111 4713.838753 -7145.729269 6585.536698
57652.84305556 4997.897355 -6915.655912 6538.020222
57652.84375000 5276.183749 -6677.598771 6482.946825
57652.84444444 5548.289090 -6431.721933 6420.272575
57652.84513889 5813.801047 -6178.204814 6349.962558
57652.84583333 6072.304474 -5917.242637 6271.991446
57652.84652778 6323.382128 -5649.046909 6186.344097
57652.84722222 6566.615484 -5373.845855 6093.016148
57652.84791667 6801.585626 -5091.884805 5992.014615
57652.84861111 7027.874192 -4803.426577 5883.358511
57652.84930556 7245.064428 -4508.751780 5767.079443
57652.85000000 7452.742300 -4208.159078 5643.222211
57652.85069444 7650.497702 -3901.965380 5511.845395
57652.85138889 7837.925726 -3590.505979 5373.021924
57652.85208333 8014.628018 -3274.134599 5226.839624
57652.85277778 8180.214218 -2953.223347 5073.401723
57652.85347222 8334.303437 -2628.162598 4912.827339
57652.85416667 8476.525833 -2299.360759 4745.251909
57652.85486111 8606.524225 -1967.243908 4570.827559
57652.85555556 8723.955751 -1632.255364 4389.723439
57652.85625000 8828.493575 -1294.855087 4202.125966
57652.85694444 8919.828620 -955.518963 4008.238989
57652.85763889 8997.671302 -614.737980 3808.283899
57652.85833333 9061.753276 -273.017238 3602.499611
57652.85902778 9111.829166 69.125175 3391.142469
57652.85972222 9147.678252 411.159414 3174.486044
57652.86041667 9169.106115 752.545285 2952.820817
57652.86111111 9175.946212 1092.733750 2726.453752
57652.86180556 9168.061364 1431.168592 2495.707737
57652.86250000 9145.345129 1767.288155 2260.920933
57652.86319444 9107.723066 2100.527227 2022.445981
57652.86388889 9055.153835 2430.319019 1780.649085
57652.86458333 8987.630153 2756.097186 1535.909008
57652.86527778 8905.179563 3077.297958 1288.615931
57652.86597222 8807.865009 3393.362310 1039.170209
57652.86666667 8695.785220 3703.738124 787.981051
57652.86736111 8569.074860 4007.882405 535.465095
57652.86805556 8427.904472 4305.263468 282.044905
57652.86875000 8272.480190 4595.363068 28.147431
57652.86944444 8103.043227 4877.678501 -225.797600
57652.87013889 7919.869122 5151.724624 -479.359329
57652.87083333 7723.266797 5417.035753 -732.107402
57652.87152778 7513.577371 5673.167470 -983.613631
57652.87222222 7291.172793 5919.698278 -1233.453630
57652.87291667 7056.454274 6156.231119 -1481.208425
57652.87361111 6809.850566 6382.394703 -1726.466004
57652.87430556 6551.816082 6597.844687 -1968.822818
57652.87500000 6282.828867 6802.264662 -2207.885212
57652.87569444 6003.388501 6995.366937 -2443.270745
57652.87638889 5714.013886 7176.893144 -2674.609438
57652.87708333 5415.240963 7346.614658 -2901.544913
57652.87777778 5107.620430 7504.332800 -3123.735394
57652.87847222 4791.715411 7649.878879 -3340.854616
57652.87916667 4468.099123 7783.114053 -3552.592611
57652.87986111 4137.352614 7903.929004 -3758.656347
57652.88055556 3800.062506 8012.243475 -3958.770263
57652.88125000 3456.818820 8108.005650 -4152.676680
57652.88194444 3108.212863 8191.191410 -4340.136088
57652.88263889 2754.835249 8261.803461 -4520.927315
57652.88333333 2397.273984 8319.870367 -4694.847596
57652.88402778 2036.112668 8365.445490 -4861.712536
57652.88472222 1671.928859 8398.605859 -5021.355967
57652.88541667 1305.292519 8419.450978 -5173.629735
57652.88611111 936.764600 8428.101592 -5318.403397
57652.88680556 566.895792 8424.698414 -5455.563842
57652.88750000 196.225371 8409.400843 -5585.014859
57652.88819444 -174.719829 8382.385665 -5706.676653
57652.88888889 -545.426271 8343.845764 -5820.485294
57652.88958333 -915.394491 8293.988840 -5926.392153
57652.89027778 -1284.139751 8233.036148 -6024.363299
57652.89097222 -1651.192542 8161.221274 -6114.378856
57652.89166667 -2016.099027 8078.788933 -6196.432372
57652.89236111 -2378.421348 7985.993817 -6270.530151
57652.89305556 -2737.737876 7883.099478 -6336.690599
57652.89375000 -3093.643330 7770.377270 -6394.943552
57652.89444444 -3445.748848 7648.105337 -6445.329627
57652.89513889 -3793.681997 7516.567643 -6487.899567
57652.89583333 -4137.086674 7376.053075 -6522.713603
57652.89652778 -4475.622987 7226.854586 -6549.840831
57652.89722222 -4808.967088 7069.268393 -6569.358604
57652.89791667 -5136.810920 6903.593238 -6581.351947
57652.89861111 -5458.861965 6730.129693 -6585.912986
57652.89930556 -5774.842955 6549.179514 -6583.140409
57652.90000000 -6084.491521 6361.045060 -6573.138940
57652.90069444 -6387.559855 6166.028748 -6556.018841
57652.90138889 -6683.814349 5964.432551 -6531.895443
57652.90208333 -6973.035187 5756.557556 -6500.888692
57652.90277778 -7255.015966 5542.703551 -6463.122726
57652.90347222 -7529.563279 5323.168662 -6418.725472
57652.90416667 -7796.496322 5098.249009 -6367.828272
57652.90486111 -8055.646463 4868.238430 -6310.565526
57652.90555556 -8306.856836 4633.428211 -6247.074364
57652.90625000 -8549.981943 4394.106848 -6177.494331
57652.90694444 -8784.887229 4150.559866 -6101.967104
57652.90763889 -9011.448691 3903.069632 -6020.636221
57652.90833333 -9229.552496 3651.915206 -5933.646836
57652.90902778 -9439.094573 3397.372228 -5841.145484
57652.90972222 -9639.980254 3139.712806 -5743.279879
57652.91041667 -9832.123909 2879.205428 -5640.198706
57652.91111111 -10015.448581 2616.114909 -5532.051457
57652.91180556 -10189.885651 2350.702333 -5418.988258
57652.91250000 -10355.374502 2083.225026 -5301.159726
57652.91319444 -10511.862204 1813.936517 -5178.716829
57652.91388889 -10659.303202 1543.086555 -5051.810770
57652.91458333 -10797.659020 1270.921099 -4920.592875
57652.91527778 -10926.897989 997.682319 -4785.214490
57652.91597222 -11046.994962 723.608639 -4645.826901
57652.91666667 -11157.931065 448.934756 -4502.581252
57652.91736111 -11259.693455 173.891665 -4355.628470
57652.91805556 -11352.275077 -101.293278 -4205.119219
57652.91875000 -11435.674450 -376.396324 -4051.203838
57652.91944444 -11509.895457 -651.197280 -3894.032295
57652.92013889 -11574.947143 -925.479443 -3733.754157
57652.92083333 -11630.843534 -1199.029548 -3570.518557
57652.92152778 -11677.603460 -1471.637713 -3404.474161
57652.92222222 -11715.250386 -1743.097362 -3235.769157
57652.92291667 -11743.812265 -2013.205170 -3064.551240
57652.92361111 -11763.321390 -2281.760991 -2890.967599
57652.92430556 -11773.814261 -2548.567805 -2715.164907
57652.92500000 -11775.331463 -2813.431629 -2537.289331
57652.92569444 -11767.917549 -3076.161464 -2357.486525
57652.92638889 -11751.620937 -3336.569230 -2175.901636
57652.92708333 -11726.493812 -3594.469692 -1992.679314
57652.92777778 -11692.592043 -3849.680392 -1807.963728
57652.92847222 -11649.975097 -4102.021604 -1621.898565
57652.92916667 -11598.705974 -4351.316245 -1434.627060
57652.92986111 -11538.851145 -4597.389829 -1246.292010
57652.93055556 -11470.480491 -4840.070413 -1057.035783
57652.93125000 -11393.667263 -5079.188523 -867.000354
57652.93194444 -11308.488039 -5314.577107 -676.327318
57652.93263889 -11215.022689 -5546.071492 -485.157911
57652.93333333 -11113.354357 -5773.509316 -293.633042
57652.93402778 -11003.569435 -5996.730491 -101.893312
57652.93472222 -10885.757556 -6215.577158 89.920957
57652.93541667 -10760.011586 -6429.893646 281.669706
57652.93611111 -10626.427625 -6639.526429 473.213098
57652.93680556 -10485.105022 -6844.324095 664.411501
57652.93750000 -10336.146375 -7044.137318 855.125464
57652.93819444 -10179.657562 -7238.818824 1045.215686
57652.93888889 -10015.747767 -7428.223367 1234.542990
57652.93958333 -9844.529499 -7612.207722 1422.968308
57652.94027778 -9666.118647 -7790.630653 1610.352643
57652.94097222 -9480.634510 -7963.352914 1796.557055
57652.94166667 -9288.199848 -8130.237242 1981.442642
57652.94236111 -9088.940940 -8291.148347 2164.870508
57652.94305556 -8882.987640 -8445.952928 2346.701754
57652.94375000 -8670.473442 -8594.519673 2526.797450
57652.94444444 -8451.535547 -8736.719281 2705.018635
57652.94513889 -8226.314941 -8872.424475 2881.226287
57652.94583333 -7994.956478 -9001.510035 3055.281316
57652.94652778 -7757.608951 -9123.852829 3227.044562
57652.94722222 -7514.425196 -9239.331850 3396.376779
57652.94791667 -7265.562180 -9347.828263 3563.138632
57652.94861111 -7011.181090 -9449.225463 3727.190707
57652.94930556 -6751.447452 -9543.409130 3888.393499
57652.95000000 -6486.531227 -9630.267300 4046.607427
57652.95069444 -6216.606917 -9709.690442 4201.692848
57652.95138889 -5941.853691 -9781.571545 4353.510062
57652.95208333 -5662.455496 -9845.806208 4501.919336
57652.95277778 -5378.601171 -9902.292747 4646.780937
57652.95347222 -5090.484582 -9950.932309 4787.955147
57652.95416667 -4798.304744 -9991.628991 4925.302312
57652.95486111 -4502.265948 -10024.289978 5058.682875
57652.95555556 -4202.577883 -10048.825688 5187.957435
57652.95625000 -3899.455785 -10065.149926 5312.986793
57652.95694444 -3593.120559 -10073.180051 5433.632023
57652.95763889 -3283.798901 -10072.837164 5549.754543
57652.95833333 -2971.723451 -10064.046291 5661.216193
57652.95902778 -2657.132914 -10046.736598 5767.879327
57652.95972222 -2340.272176 -10020.841607 5869.606920
57652.96041667 -2021.392455 -9986.299434 5966.262667
57652.96111111 -1700.751409 -9943.053036 6057.711114
57652.96180556 -1378.613246 -9891.050475 6143.817790
57652.96250000 -1055.248854 -9830.245198 6224.449355
57652.96319444 -730.935900 -9760.596336 6299.473755
57652.96388889 -405.958911 -9682.069010 6368.760407
57652.96458333 -80.609382 -9594.634665 6432.180375
57652.96527778 244.814160 -9498.271411 6489.606584
57652.96597222 570.006091 -9392.964386 6540.914039
57652.96666667 894.653658 -9278.706130 6585.980060
57652.96736111 1218.436926 -9155.496988 6624.684542
57652.96805556 1541.028783 -9023.345515 6656.910224
57652.96875000 1862.094961 -8882.268902 6682.542988
57652.96944444 2181.294053 -8732.293426 6701.472166
57652.97013889 2498.277585 -8573.454906 6713.590879
57652.97083333 2812.690122 -8405.799166 6718.796385
57652.97152778 3124.169374 -8229.382534 6716.990460
57652.97222222 3432.346369 -8044.272334 6708.079791
57652.97291667 3736.845659 -7850.547386 6691.976392
57652.97361111 4037.285553 -7648.298535 6668.598049
57652.97430556 4333.278411 -7437.629164 6637.868777
57652.97500000 4624.430983 -7218.655722 6599.719305
57652.97569444 4910.344809 -6991.508244 6554.087573
57652.97638889 5190.616652 -6756.330888 6500.919260
57652.97708333 5464.839015 -6513.282443 6440.168319
57652.97777778 5732.600720 -6262.536830 6371.797538
57652.97847222 5993.487533 -6004.283607 6295.779109
57652.97916667 6247.082879 -5738.728438 6212.095215
57652.97986111 6492.968633 -5466.093523 6120.738618
57652.98055556 6730.725961 -5186.618034 6021.713271
57652.98125000 6959.936260 -4900.558485 5915.034917
57652.98194444 7180.182183 -4608.189048 5800.731689
57652.98263889 7391.048711 -4309.801858 5678.844720
57652.98333333 7592.124337 -4005.707220 5549.428724
57652.98402778 7783.002324 -3696.233755 5412.552569
57652.98472222 7963.282017 -3381.728493 5268.299835
57652.98541667 8132.570258 -3062.556862 5116.769332
57652.98611111 8290.482855 -2739.102590 4958.075593
57652.98680556 8436.646126 -2411.767502 4792.349311
57652.98750000 8570.698491 -2080.971233 4619.737745
57652.98819444 8692.292122 -1747.150804 4440.405055
57652.98888889 8801.094641 -1410.760072 4254.532569
57652.98958333 8896.790827 -1072.269089 4062.318989
57652.99027778 8979.084369 -732.163295 3863.980507
57652.99097222 9047.699602 -390.942579 3659.750823
57652.99166667 9102.383243 -49.120235 3449.881092
57652.99236111 9142.906096 292.778254 3234.639746
57652.99305556 9169.064717 634.216566 3014.312205
57652.99375000 9180.683012 974.648989 2789.200502
57652.99444444 9177.613756 1313.522037 2559.622764
57652.99513889 9159.740013 1650.276174 2325.912578
57652.99583333 9126.976434 1984.347637 2088.418254
57652.99652778 9079.270421 2315.170371 1847.501952
57652.99722222 9016.603135 2642.178053 1603.538698
57652.99791667 8938.990325 2964.806187 1356.915277
57652.99861111 8846.482979 3282.494235 1108.029049
57652.99930556 8739.167774 3594.687802 857.286632
57653.00000000 8617.167303 3900.840845 605.102505
