# File: Run/ephem_cnofs_tle.dat
#
# Ephemeris generated from TLE input file: ../../samples/cnofs_tle.dat
# Propagator: Kepler with J2
#
# Time format:              Modified Julian Date
# Coordinate system:        GEI (Geocentric Equatorial Inertial) Cartesian in Earth radii
# Data Delimiter:           comma
#
# datetime(mjd),posx(Re),posy(Re),posz(Re)
55711.09750000,-0.29192196,1.02825926,0.00206841
55711.10097222,-0.60925824,0.86958681,0.08252842
55711.10444444,-0.85732572,0.61211466,0.15357655
55711.10791667,-1.00787276,0.28497193,0.20711275
55711.11138889,-1.04476016,-0.07441277,0.23723837
55711.11486111,-0.96580293,-0.42569692,0.24099899
55711.11833333,-0.78220356,-0.73105004,0.21859031
55711.12180556,-0.51607417,-0.95951513,0.17307057
55711.12527778,-0.19692828,-1.08975543,0.10974287
55711.12875000,0.14201657,-1.11120669,0.03539705
55711.13222222,0.46717877,-1.02399859,-0.04244423
55711.13569444,0.74738094,-0.83808813,-0.11619972
55711.13916667,0.95606820,-0.57195120,-0.17880776
55711.14263889,1.07310444,-0.25101522,-0.22422548
55711.14611111,1.08627120,0.09414143,-0.24787490
55711.14958333,0.99251236,0.42991011,-0.24705084
55711.15305556,0.79883415,0.72222357,-0.22127769
55711.15652778,0.52261267,0.93965937,-0.17256442
55711.16000000,0.19093116,1.05698515,-0.10546768
55711.16347222,-0.16144748,1.05876637,-0.02685189
55711.16694444,-0.49566907,0.94232817,0.05473957
55711.17041667,-0.77368270,0.71917448,0.13009831
55711.17388889,-0.96361188,0.41413418,0.19060715
55711.17736111,-1.04437994,0.06209642,0.22947242
55711.18083333,-1.00845716,-0.29701272,0.24263934
55711.18430556,-0.86219177,-0.62379881,0.22919758
55711.18777778,-0.62396612,-0.88427330,0.19125722
55711.19125000,-0.32096458,-1.05324629,0.13342472
55711.19472222,0.01454520,-1.11605570,0.06207046
55711.19819444,0.34873990,-1.06889828,-0.01544433
55711.20166667,0.64923973,-0.91820420,-0.09147911
55711.20513889,0.88752521,-0.67945391,-0.15872797
55711.20861111,1.04087364,-0.37568716,-0.21074386
55711.21208333,1.09395277,-0.03578783,-0.24239864
55711.21555556,1.04015487,0.30750498,-0.25030027
55711.21902778,0.88263762,0.61998245,-0.23316638
55711.22250000,0.63488670,0.86886050,-0.19211919
55711.22597222,0.32046609,1.02617444,-0.13082602
55711.22944444,-0.02845000,1.07241810,-0.05537946
55711.23291667,-0.37406559,0.99984349,0.02618426
55711.23638889,-0.67741780,0.81456782,0.10476563
55711.23986111,-0.90369008,0.53664319,0.17139285
55711.24333333,-1.02727116,0.19767972,0.21849661
55711.24680556,-1.03532584,-0.16362924,0.24097113
55711.25027778,-0.92906435,-0.50702962,0.23677791
55711.25375000,-0.72265621,-0.79597804,0.20700508
55711.25722222,-0.44041262,-1.00165960,0.15546491
55711.26069444,-0.11314671,-1.10534030,0.08801004
55711.26416667,0.22549533,-1.09917836,0.01175413
55711.26763889,0.54226134,-0.98590104,-0.06567372
55711.27111111,0.80692833,-0.77778355,-0.13678174
55711.27458333,0.99440332,-0.49524485,-0.19476990
55711.27805556,1.08642705,-0.16520767,-0.23400826
55711.28152778,1.07299421,0.18078076,-0.25046443
55711.28500000,0.95350838,0.50876919,-0.24208996
55711.28847222,0.73754842,0.78509177,-0.20914474
55711.29194444,0.44496740,0.97957855,-0.15439959
55711.29541667,0.10493252,1.06914102,-0.08312057
55711.29888889,-0.24646180,1.04128006,-0.00272707
55711.30236111,-0.57012111,0.89674906,0.07794458
55711.30583333,-0.82903756,0.65048033,0.14973586
55711.30930556,-0.99359218,0.33014705,0.20444126
55711.31277778,-1.04582466,-0.02760192,0.23598062
55711.31625000,-0.98163520,-0.38241982,0.24118967
55711.31972222,-0.81055560,-0.69578042,0.22007617
55711.32319444,-0.55348704,-0.93556427,0.17556545
55711.32666667,-0.23925854,-1.07905997,0.11289161
55711.33013889,0.09911576,-1.11432207,0.03882883
55711.33361111,0.42787413,-1.04021821,-0.03908182
55711.33708333,0.71537416,-0.86561710,-0.11322507
55711.34055556,0.93438252,-0.60809153,-0.17650086
55711.34402778,1.06390880,-0.29235038,-0.22282596
55711.34750000,1.09071684,0.05154946,-0.24757435
55711.35097222,1.01057648,0.39028194,-0.24797437
55711.35444444,0.82919175,0.68974890,-0.22345487
55711.35791667,0.56258707,0.91808966,-0.17589596
55711.36138889,0.23659477,1.04914883,-0.10970119
55711.36486111,-0.11495381,1.06607766,-0.03158360
55711.36833333,-0.45357584,0.96441553,0.05002390
55711.37180556,-0.74085544,0.75377293,0.12594334
55711.37527778,-0.94379785,0.45733466,0.18748759
55711.37875000,-1.03963847,0.10892829,0.22770448
55711.38222222,-1.01892315,-0.25181371,0.24233317
55711.38569444,-0.88620112,-0.58504189,0.23026176
55711.38916667,-0.65845169,-0.85574989,0.19344453
55711.39263889,-0.36197492,-1.03742268,0.13639589
55711.39611111,-0.02866368,-1.11399716,0.06545345
55711.39958333,0.30760896,-1.08035097,-0.01201252
55711.40305556,0.61409251,-0.94175640,-0.08833043
55711.40652778,0.86166035,-0.71272151,-0.15615581
55711.41000000,1.02679688,-0.41549951,-0.20900136
55711.41347222,1.09321210,-0.07837810,-0.24169415
55711.41694444,1.05318214,0.26628053,-0.25078345
55711.42041667,0.90860694,0.58436319,-0.23490308
55711.42388889,0.67162864,0.84281146,-0.19505889
55711.42736111,0.36450287,1.01292746,-0.13477266
55711.43083333,0.01832501,1.07397251,-0.05998182
55711.43430556,-0.32971832,1.01653267,0.02140710
55711.43777778,-0.64059163,0.84483548,0.10035772
55711.44125000,-0.87863653,0.57715134,0.16786543
55711.44472222,-1.01673742,0.24377471,0.21623127
55711.44819444,-1.04017965,-0.11719638,0.24015456
55711.45166667,-0.94828592,-0.46532263,0.23738729
55711.45513889,-0.75364741,-0.76322654,0.20884112
55711.45861111,-0.47948791,-0.98085182,0.15821218
55711.46208333,-0.15606022,-1.09806605,0.09130046
55711.46555556,0.18308631,-1.10566141,0.01521639
55711.46902778,0.50443579,-1.00513970,-0.06238497
55711.47250000,0.77723631,-0.80773304,-0.13397384
55711.47597222,0.97566550,-0.53300538,-0.19270955
55711.47944444,1.08056578,-0.20721219,-0.23291906
55711.48291667,1.08087448,0.13856143,-0.25051727
55711.48638889,0.97478850,0.47057271,-0.24338226
55711.48986111,0.77056801,0.75503089,-0.21167018
55711.49333333,0.48672860,0.96121486,-0.15801636
55711.49680556,0.15124763,1.06499334,-0.08753274
55711.50027778,-0.20059479,1.05235131,-0.00749572
55711.50375000,-0.52990960,0.92220586,0.07334988
55711.50722222,-0.79913889,0.68762421,0.14584955
55711.51069444,-0.97738647,0.37474826,0.20170148
55711.51416667,-1.04491301,0.01933827,0.23464898
55711.51763889,-0.99568997,-0.33836461,0.24131702
55711.52111111,-0.83752142,-0.65922087,0.22151976
55711.52458333,-0.59002152,-0.90999098,0.17804239
55711.52805556,-0.28126224,-1.06659510,0.11604414
55711.53152778,0.05600218,-1.11568948,0.04228062
55711.53500000,0.38786772,-1.05485323,-0.03568871
55711.53847222,0.68225054,-0.89184055,-0.11021238
55711.54194444,0.91125521,-0.64329947,-0.17414920
55711.54541667,1.05305263,-0.33320225,-0.22137339
55711.54888889,1.09340792,0.00893473,-0.24721037
55711.55236111,1.02693915,0.35009464,-0.24882375
55711.55583333,0.85806885,0.65618905,-0.22555065
55711.55930556,0.60147869,0.89497683,-0.17914730
55711.56277778,0.28173421,1.03945041,-0.11386821
55711.56625000,-0.06831671,1.07141658,-0.03627581
55711.56972222,-0.41065120,0.98467492,0.04531152
55711.57319444,-0.70659846,0.78694225,0.12175466
55711.57666667,-0.92214737,0.49970330,0.18430634
55711.58013889,-1.03290814,0.15562453,0.22586279
55711.58361111,-1.02750931,-0.20606872,0.24195839
55711.58708333,-0.90865794,-0.54516754,0.23127547
55711.59055556,-0.69185840,-0.82570601,0.19560546
55711.59402778,-0.40245014,-1.01986276,0.13936405
55711.59750000,-0.07188763,-1.11016364,0.06885192
55711.60097222,0.26595120,-1.09014255,-0.00855261
55711.60444444,0.57797349,-0.96388662,-0.08514541
55711.60791667,0.83446361,-0.74490777,-0.15354075
55711.61138889,1.01112825,-0.45465336,-0.20720855
55711.61486111,1.09073683,-0.12079689,-0.24092982
55711.61833333,1.06447044,0.22469928,-0.25119603
55711.62180556,0.93299325,0.54785216,-0.23656027
55711.62527778,0.70711865,0.81538003,-0.19791669
55711.62875000,0.40778899,0.99791854,-0.13864622
55711.63222222,0.06498365,1.07356878,-0.06453337
55711.63569444,-0.28479538,1.03130872,0.01664719
55711.63916667,-0.60254457,0.87349579,0.09592926
55711.64263889,-0.85187254,0.61658395,0.16428513
55711.64611111,-1.00424026,0.28946641,0.21389467
55711.64958333,-1.04308267,-0.07046633,0.23926581
55711.65305556,-0.96580914,-0.42269563,0.23793869
55711.65652778,-0.78336848,-0.72908366,0.21064209
55711.66000000,-0.51781962,-0.95836597,0.16094882
55711.66347222,-0.19878503,-1.08901097,0.09460095
55711.66694444,0.14033514,-1.11042396,0.01870350
55711.67041667,0.46579534,-1.02285370,-0.05906178
55711.67388889,0.74633588,-0.83646349,-0.13112472
55711.67736111,0.95542042,-0.56994129,-0.19060122
55711.68083333,1.07300891,-0.24885725,-0.23177330
55711.68430556,1.08700073,0.09618595,-0.25050317
55711.68777778,0.99440820,0.43168334,-0.24459772
55711.69125000,0.80219140,0.72376352,-0.21411353
55711.69472222,0.52753257,0.94121540,-0.16155535
55711.69819444,0.19719567,1.05893666,-0.09188443
55711.70166667,-0.15441420,1.06146242,-0.01223379
55711.70513889,-0.48870861,0.94591026,0.06874850
55711.70861111,-0.76769050,0.72346929,0.14192111
55711.71208333,-0.95928164,0.41868224,0.19889534
55711.71555556,-1.04201435,0.06631491,0.23324364
55711.71902778,-1.00792551,-0.29360933,0.24137997
55711.72250000,-0.86303918,-0.62142597,0.22291965
55711.72597222,-0.62560713,-0.88282416,0.18050044
55711.72944444,-0.32286930,-1.05236641,0.11920042
55711.73291667,0.01273974,-1.11529561,0.04575326
55711.73638889,0.34721449,-1.06787579,-0.03226341
55711.73986111,0.64805495,-0.91671936,-0.10716006
55711.74333333,0.88672029,-0.67752653,-0.17175152
55711.74680556,1.04055763,-0.37351409,-0.21986715
55711.75027778,1.09435108,-0.03363912,-0.24678304
55711.75375000,1.04158821,0.30941579,-0.24959946
55711.75722222,0.88543083,0.62160987,-0.22756538
55711.76069444,0.63922893,0.87037627,-0.18231794
55711.76416667,0.32626971,1.02792405,-0.11796684
55711.76763889,-0.02162822,1.07478612,-0.04092522
55711.77111111,-0.36698516,1.00307300,0.04060654
55711.77458333,-0.67098336,0.81861560,0.11753615
55711.77805556,-0.89870044,0.54115101,0.18106598
55711.78152778,-1.02419177,0.20209007,0.22394815
55711.78500000,-1.03418445,-0.15986290,0.24151428
55711.78847222,-0.92950653,-0.50423993,0.23223729
55711.79194444,-0.72411766,-0.79418026,0.19773879
55711.79541667,-0.44231904,-1.00058044,0.14232874
55711.79888889,-0.11505984,-1.10454827,0.07226639
55711.80236111,0.22382519,-1.09825008,-0.00506332
55711.80583333,0.54093138,-0.98455961,-0.08192245
55711.80930556,0.80597315,-0.77596750,-0.15088137
55711.81277778,0.99389420,-0.49309496,-0.20536456
55711.81625000,1.08653954,-0.16298298,-0.24010551
55711.81972222,1.07401507,0.18282770,-0.25153840
55711.82319444,0.95577076,0.51051657,-0.23813841
55711.82666667,0.74130719,0.78662661,-0.20069249
55711.83013889,0.45025210,0.98119111,-0.14244537
55711.83361111,0.11143719,1.07122265,-0.06903131
55711.83708333,-0.23938940,1.04415222,0.01190846
55711.84055556,-0.56335700,0.90049373,0.09148433
55711.84402778,-0.82345125,0.65485861,0.16065511
55711.84750000,-0.98979670,0.33465997,0.21148826
55711.85097222,-1.04401576,-0.02352974,0.23830464
55711.85444444,-0.98158620,-0.37922171,0.23843082
55711.85791667,-0.81175422,-0.69359786,0.21240656
55711.86138889,-0.55533634,-0.93422492,0.16367402
55711.86486111,-0.24125192,-1.07817542,0.09791165
55711.86833333,0.09730382,-1.11344850,0.02221649
55711.87180556,0.42639249,-1.03901193,-0.05570263
55711.87527778,0.71426915,-0.86393317,-0.12823285
55711.87875000,0.93369901,-0.60600189,-0.18844380
55711.88222222,1.06377444,-0.29008430,-0.23057058
55711.88569444,1.09137513,0.05371909,-0.25042237
55711.88916667,1.01235002,0.39216858,-0.24573684
55711.89263889,0.83237819,0.69135359,-0.21647497
55711.89611111,0.56731525,0.91963121,-0.16501572
55711.89958333,0.24269304,1.05099830,-0.09617335
55711.90305556,-0.10801288,1.06860783,-0.01693771
55711.90652778,-0.44660513,0.96782032,0.06414460
55711.91000000,-0.73475736,0.75794212,0.13795415
55711.91347222,-0.93930897,0.46185683,0.19602496
55711.91694444,-1.03712272,0.11323382,0.23176492
55711.92041667,-1.01830358,-0.24823505,0.24137750
55711.92388889,-0.88704875,-0.58245400,0.22427435
55711.92736111,-0.66017348,-0.85409618,0.18293845
55711.93083333,-0.36400881,-1.03638218,0.12236020
55711.93430556,-0.03060635,-1.11312902,0.04924748
55711.93777778,0.30597072,-1.07925936,-0.02880456
55711.94125000,0.61283347,-0.94021541,-0.10406655
55711.94472222,0.86081292,-0.71072519,-0.16930654
55711.94819444,1.02644682,-0.41323016,-0.21830659
55711.95166667,1.09355476,-0.07610947,-0.24629239
55711.95513889,1.05451399,0.26831229,-0.25030198
55711.95861111,0.91124624,0.58607742,-0.22949945
55711.96208333,0.67578256,0.84434500,-0.18540750
55711.96555556,0.37012432,1.01460725,-0.12199538
55711.96902778,0.02502083,1.07619397,-0.04552869
55711.97250000,-0.32266882,1.01958154,0.03591301
55711.97597222,-0.63408518,0.84873037,0.11329174
55711.97944444,-0.87350206,0.58159084,0.17776924
55711.98291667,-1.01349741,0.24822943,0.22196151
55711.98638889,-1.03892153,-0.11328386,0.24100021
55711.98986111,-0.94869355,-0.46232676,0.23314575
55711.99333333,-0.75516153,-0.76121481,0.19984312
55711.99680556,-0.48150980,-0.97959262,0.14528936
55712.00027778,-0.15811234,-1.09714642,0.07569721
55712.00375000,0.18129083,-1.10465209,-0.00154349
55712.00722222,0.50301614,-1.00374115,-0.07866002
55712.01069444,0.77622824,-0.80585646,-0.14817625
55712.01416667,0.97512243,-0.53077151,-0.20346848
55712.01763889,1.08063442,-0.20487620,-0.23922098
55712.02111111,1.08181357,0.14073143,-0.25181093
55712.02458333,0.97691658,0.47242347,-0.23963801
55712.02805556,0.77414810,0.75661266,-0.20338627
55712.03152778,0.49182296,0.96279123,-0.14616896
55712.03500000,0.15759885,1.06695411,-0.07347303
55712.03847222,-0.19359318,1.05504892,0.00719468
55712.04194444,-0.52311195,0.92577905,0.08702704
55712.04541667,-0.79343040,0.69189598,0.15697863
55712.04888889,-0.97342913,0.37926107,0.20901367
55712.05236111,-1.04296442,0.02352096,0.23727093
55712.05583333,-0.99557233,-0.33497724,0.23886240
55712.05930556,-0.83874074,-0.65682129,0.21413302
55712.06277778,-0.59196653,-0.90845482,0.16638680
55712.06625000,-0.28339069,-1.06556227,0.10123254
55712.06972222,0.05405570,-1.11471927,0.02575626
55712.07319444,0.38628106,-1.05358448,-0.05230606
55712.07666667,0.68107943,-0.89010128,-0.12529668
55712.08013889,0.91053336,-0.64113744,-0.18623617
55712.08361111,1.05288184,-0.33083582,-0.22931040
55712.08708333,1.09400181,0.01122467,-0.25027504
55712.09055556,1.02859915,0.35209545,-0.24680015
55712.09402778,0.86109122,0.65786552,-0.21875476
55712.09750000,0.60601588,0.89651532,-0.16839684
